ID	X	Y	CArea
33507	476280.210838	3807377.135184	1.174606
33508	476968.500000	3807730.500100	4.236711
33509	477039.500000	3807675.500100	313.825225
33510	476466.500000	3807499.500100	381.920877
33511	477053.500000	3807644.500100	950.764148
33512	476460.185665	3807258.189702	2303.244336
33513	477242.500000	3808207.500100	6635.918084
33514	476432.500000	3807455.500100	4533.894849
33515	476738.500000	3807622.500100	4161.862570
33516	476688.500000	3807242.500100	12025.898566
33517	477269.500000	3808203.500100	12150.482483
33518	476769.500000	3807473.500100	8922.965994
33519	476808.500000	3807827.500100	7977.416265
33520	476743.500000	3807441.500100	11697.172914
33521	476904.500000	3807772.500100	16823.271596
33522	476741.784704	3807441.881277	11700.074510
33523	476465.787933	3807251.466981	2360.294720
33524	476281.701623	3807376.095964	3.726608
33525	476966.635836	3807730.662201	5.350950
33526	476687.044113	3807241.626568	12076.110995
33527	476902.500000	3807769.500100	16936.911342
33528	476465.861701	3807500.776698	385.394424
33529	477047.428289	3807639.566835	1088.637446
33530	477240.500000	3808199.500100	6733.531438
33531	476432.037799	3807455.962301	4535.207261
33532	477028.500000	3807664.500100	10902.672057
33533	477265.500000	3808201.500100	12190.512542
33534	476807.500000	3807827.500105	7979.388264
33535	476767.538459	3807473.892408	9838.935264
33536	476736.699983	3807621.600092	11581.350147
33537	477259.500000	3808202.500100	12375.519751
33538	477236.500000	3808194.500100	6808.377469
33539	477037.500000	3807631.500100	1155.277201
33540	476765.635920	3807474.272916	9840.087805
33541	476737.904202	3807442.743611	11718.885599
33542	476465.500000	3807501.500100	398.202974
33543	476965.568861	3807730.754982	4424.944592
33544	476431.500000	3807456.500100	4551.104243
33545	477026.500000	3807665.500100	10965.685729
33546	476683.500000	3807239.500100	12129.308630
33547	476898.500000	3807769.500100	17065.211584
33548	476735.223985	3807620.862093	11831.028987
33549	476894.372422	3807767.731138	17075.784082
33550	477036.500000	3807632.500100	1170.312217
33551	476683.500000	3807237.500100	12156.487453
33552	476962.338711	3807731.035864	4429.829250
33553	476735.991623	3807443.168628	11722.103072
33554	477020.283063	3807660.060280	11070.054556
33555	477257.500000	3808198.500100	14363.912200
33556	476764.494876	3807474.501125	9895.741516
33557	476734.500000	3807620.500105	11833.298975
33558	477018.500000	3807658.500100	11113.637222
33559	476681.250000	3807236.000100	12159.931375
33560	476734.500000	3807443.500100	11894.384154
33561	477034.500000	3807631.500100	1240.417403
33562	476959.928996	3807731.245405	4620.427667
33563	477251.500000	3808193.500100	14479.631204
33564	476761.556767	3807475.088747	9944.054614
33565	476892.633524	3807766.985896	17083.266540
33566	476732.500000	3807619.500105	11889.021454
33567	476956.846576	3807731.513441	4624.644437
33568	476729.548002	3807618.024102	11925.096987
33569	476680.500000	3807235.500100	12342.604932
33570	477029.500000	3807625.500100	1353.567509
33571	477013.250000	3807660.750100	11146.712818
33572	477247.500000	3808192.500100	14545.340712
33573	476758.836853	3807475.632729	10283.948251
33574	476731.588230	3807445.247162	12247.456405
33575	476891.500000	3807766.500100	17113.552628
33576	477025.643407	3807624.643079	1386.883072
33577	476756.289641	3807476.142172	10286.098912
33578	476956.315435	3807731.559627	4625.692251
33579	477011.500000	3807661.500100	11178.058382
33580	477243.500000	3808193.500100	14591.371481
33581	476679.500000	3807236.500100	12369.862431
33582	476730.537769	3807445.877438	12253.072342
33583	476890.500000	3807767.500100	17125.142761
33584	476728.500000	3807617.500100	12003.691120
33585	476954.504757	3807731.717078	4628.446938
33586	477020.500000	3807623.500100	1409.526174
33587	476674.500000	3807235.500100	12409.529084
33588	477008.500000	3807660.500100	11199.454196
33589	476754.500000	3807476.500100	10929.710135
33590	476729.500000	3807446.500100	12260.424861
33591	476885.562159	3807763.973071	17142.476681
33592	476725.800002	3807617.500100	12108.865708
33593	476728.577666	3807447.473674	12262.370547
33594	477003.676000	3807661.189243	11237.751127
33595	477014.161804	3807617.866148	1485.360846
33596	476951.695511	3807731.961360	4700.443248
33597	476671.500000	3807238.500100	12469.622573
33598	476751.426827	3807478.958638	10935.844866
33599	476883.500000	3807762.500100	17157.093944
33600	476723.245388	3807617.500100	12112.575733
33601	476727.915726	3807448.172389	12266.521082
33602	476948.577565	3807732.232486	4704.866169
33603	477001.500000	3807661.500100	11259.644574
33604	476666.500000	3807235.500100	12688.167253
33605	477011.500000	3807615.500100	3366.297147
33606	476749.500000	3807480.500100	10951.779898
33607	476879.617257	3807762.241251	17163.053621
33608	476722.500000	3807617.500100	12118.193845
33609	476946.673619	3807732.398046	4706.309647
33610	476877.209210	3807762.080714	17166.698991
33611	477237.500000	3808192.500100	21430.872027
33612	476995.500000	3807660.500100	11285.753136
33613	476665.500000	3807237.500100	12694.238743
33614	476724.972198	3807451.279447	12429.844316
33615	477003.500000	3807614.500100	3399.381219
33616	476747.610002	3807480.770100	14169.319308
33617	476719.500000	3807615.500100	12238.315257
33618	476724.115945	3807452.183269	12431.115844
33619	476873.817240	3807761.854583	17169.388943
33620	476946.108866	3807732.447155	4707.211549
33621	476992.764001	3807658.448101	11289.555294
33622	476999.000000	3807612.250100	3409.033264
33623	476661.500000	3807238.500100	12743.855242
33624	477236.500000	3808186.500100	24381.905252
33625	476745.874674	3807481.018004	14181.662801
33626	476717.399999	3807615.500100	12239.887762
33627	476723.452632	3807452.883433	12432.228815
33628	476872.904081	3807761.793705	17303.820666
33629	476991.500000	3807657.500100	11399.546490
33630	476997.500000	3807611.500100	3524.434546
33631	476656.364713	3807237.216278	12874.420466
33632	476945.500000	3807732.500100	9679.525684
33633	477228.500000	3808181.500100	24442.825786
33634	476744.960964	3807481.148534	14187.123547
33635	476716.500000	3807615.500105	12302.704762
33636	476986.500000	3807657.500105	11461.032979
33637	476994.500000	3807613.500100	3532.894954
33638	476653.500000	3807236.500100	12903.383278
33639	476943.196004	3807730.772103	9685.568743
33640	476721.942899	3807454.477040	12664.580153
33641	477225.500000	3808181.500100	24577.376114
33642	476870.546978	3807761.636565	17477.396002
33643	476743.411937	3807481.369823	14190.536972
33644	476712.500000	3807616.500105	12477.863198
33645	476719.112710	3807457.464461	12669.798950
33646	476711.500000	3807615.500105	12522.032492
33647	476981.500000	3807657.500100	11488.395790
33648	476992.249999	3807611.250099	3537.582448
33649	476650.500000	3807237.500100	12924.050337
33650	476938.924001	3807727.568101	9788.025248
33651	477225.500000	3808177.500100	24859.892019
33652	476741.350940	3807481.664251	14253.916715
33653	476868.500000	3807761.500100	17514.508835
33654	476708.799999	3807615.500102	12524.332539
33655	476718.264933	3807458.359337	12672.952393
33656	476937.500000	3807726.500100	9795.803662
33657	476979.500000	3807654.500100	11562.918486
33658	476991.500000	3807610.500105	3664.997283
33659	476647.729423	3807241.194203	12938.933319
33660	477213.500000	3808165.500100	25277.534773
33661	476866.500000	3807759.500100	17526.837615
33662	476739.296101	3807481.957800	14508.010021
33663	476716.464768	3807460.259511	12675.902544
33664	476707.500000	3807615.500100	12553.504667
33665	476969.500000	3807652.500100	11748.929765
33666	476990.500000	3807609.500100	3823.059573
33667	476647.500000	3807241.500100	12948.598417
33668	476931.904858	3807725.256735	11285.025364
33669	476863.804110	3807760.511059	17537.004851
33670	477209.500000	3808161.500100	26555.812663
33671	476736.724622	3807482.325154	14523.264913
33672	476715.060853	3807461.741422	12678.459478
33673	476862.510088	3807760.996317	17542.041488
33674	476643.500000	3807241.500100	12959.515408
33675	476965.224998	3807652.500100	11767.125606
33676	476978.500000	3807609.500100	4181.905696
33677	476928.500000	3807724.500100	11339.892536
33678	477205.500000	3808157.500100	26940.198821
33679	476735.500000	3807482.500100	14528.229559
33680	476704.980002	3807614.240101	12691.570749
33681	476642.059994	3807242.220103	12992.085973
33682	477203.250000	3808152.250100	26957.715679
33683	476734.239990	3807482.320099	14530.799267
33684	476859.502522	3807762.124154	17546.608828
33685	476713.116714	3807463.793568	13008.941143
33686	476961.500000	3807652.500100	11806.061183
33687	476975.026898	3807608.682900	4243.997637
33688	476926.988001	3807719.964103	11346.318153
33689	476703.500000	3807613.500100	12712.326011
33690	476958.259996	3807654.120102	11815.345066
33691	476971.273444	3807607.799734	4272.409152
33692	476858.500000	3807762.500100	21744.267765
33693	476640.619989	3807242.940106	13158.891070
33694	476926.500000	3807718.500100	11378.253786
33695	476711.500000	3807465.500100	13332.245481
33696	477202.500000	3808150.500100	27163.674786
33697	476731.381905	3807481.911801	14670.980030
33698	476701.748867	3807611.573854	12730.941065
33699	476700.877060	3807610.614866	12732.295124
33700	476637.500000	3807244.500100	13232.316243
33701	477197.500000	3808144.500100	27492.924678
33702	476953.500000	3807656.500100	11844.228382
33703	476965.630299	3807606.471935	4338.765279
33704	476923.800003	3807715.800103	11432.005392
33705	476708.889770	3807466.022146	13425.250768
33706	476728.500000	3807481.500100	15060.841408
33707	476857.163345	3807762.366435	21806.787285
33708	476699.725865	3807609.348551	12733.928646
33709	476948.999995	3807656.500100	11873.962276
33710	476962.592390	3807605.757133	4343.762535
33711	477196.500000	3808142.500100	31634.160887
33712	476633.150001	3807240.150101	13285.499537
33713	476704.009708	3807466.998158	13596.281913
33714	476726.414631	3807479.831804	15126.361854
33715	476852.538307	3807761.903931	21811.934933
33716	476922.500000	3807714.500100	32193.874562
33717	476698.687292	3807608.206121	12736.720642
33718	476961.500000	3807605.500100	4577.305266
33719	476947.500000	3807656.500100	11914.075930
33720	476630.500000	3807237.500105	13296.945134
33721	476701.500000	3807467.500100	13606.734744
33722	476724.228658	3807478.083026	15131.173405
33723	477188.219910	3808138.360055	31962.253362
33724	476850.516149	3807761.701715	22060.296072
33725	476914.186989	3807715.779025	32222.237651
33726	477184.500000	3808136.500100	31986.717173
33727	476958.902680	3807607.318224	4580.719061
33728	476723.500000	3807477.500100	15364.780290
33729	476941.500000	3807660.500100	12029.184302
33730	476629.500000	3807236.500100	13334.261276
33731	476699.404475	3807468.897117	13609.106758
33732	476848.500000	3807761.500100	22072.175221
33733	476910.756091	3807716.306855	32276.320739
33734	476695.698477	3807604.918425	16404.525091
33735	476936.500000	3807660.500100	12040.938162
33736	477183.000000	3808133.500100	31992.633836
33737	476695.196916	3807604.366707	16405.093497
33738	476719.851350	3807478.108208	15370.953933
33739	476958.384187	3807607.681169	4603.805851
33740	476626.500000	3807236.500100	13384.340395
33741	476698.500000	3807469.500100	13611.442430
33742	476843.363412	3807762.070832	22082.609521
33743	476909.500000	3807716.500100	32284.217002
33744	476934.915998	3807661.688101	12046.040586
33745	476694.212086	3807603.283395	16411.569827
33746	476956.557887	3807608.959579	4665.130908
33747	476839.500000	3807762.500100	22141.523563
33748	476620.741138	3807235.327525	13490.127774
33749	476694.844979	3807469.987436	13703.797152
33750	476718.429866	3807478.345122	15401.233273
33751	477182.500000	3808132.500100	32022.508334
33752	476907.500000	3807718.500100	32297.776104
33753	476934.195444	3807662.228517	12046.630631
33754	476954.585796	3807610.340042	4671.535099
33755	476619.500000	3807234.500100	13527.854140
33756	476692.738073	3807470.268357	13722.599648
33757	476717.500000	3807478.500100	15464.154091
33758	477180.500000	3808132.500100	32028.446747
33759	476837.500000	3807760.500100	22172.779157
33760	476903.500000	3807718.500100	32309.963230
33761	476693.500000	3807602.500100	17678.262707
33762	476692.058283	3807602.980672	17682.353836
33763	476690.716076	3807470.537957	13725.704816
33764	476933.516065	3807662.738051	12050.779295
33765	476952.663538	3807611.685623	5012.099851
33766	476614.500000	3807236.500100	13550.666888
33767	476714.637764	3807480.261476	15528.317480
33768	477178.524781	3808130.771783	32033.734738
33769	476834.446201	3807760.245617	22184.002801
33770	476901.250000	3807720.000100	32313.050738
33771	476689.533202	3807470.695673	13726.436101
33772	476606.500000	3807229.500100	13652.286127
33773	476689.215113	3807603.928396	17720.738588
33774	476932.500000	3807663.500100	12091.358393
33775	476951.500000	3807612.500100	5028.930597
33776	476712.812955	3807481.384435	15637.960988
33777	477174.893182	3808127.594134	32208.000256
33778	476828.346781	3807759.737332	22747.367017
33779	476900.500000	3807720.500100	34400.399888
33780	476899.531726	3807719.680791	34400.932838
33781	476686.499248	3807604.833684	17750.901696
33782	476928.990601	3807663.734060	12109.653432
33783	476687.496882	3807470.967182	13798.472060
33784	476947.692308	3807613.261638	5032.568170
33785	476602.500000	3807232.500100	13756.040631
33786	476710.789052	3807482.629914	15664.733064
33787	477173.098295	3808126.023609	32219.755895
33788	476825.500000	3807759.500100	22774.482453
33789	476821.128575	3807757.314387	22788.281057
33790	476684.499220	3807471.366871	13802.633157
33791	477172.500000	3808125.500100	32224.103610
33792	476898.974172	3807719.209015	34404.787421
33793	476924.503757	3807664.033183	12130.881830
33794	476945.167620	3807613.766576	5090.085548
33795	476598.500000	3807229.500100	13776.773205
33796	476708.658124	3807483.941255	15697.720477
33797	476684.500000	3807605.500100	17842.673294
33798	476705.539531	3807485.860389	15705.513642
33799	476898.311800	3807718.648546	34405.299050
33800	476816.939750	3807755.219975	22796.397345
33801	476595.408249	3807230.273038	13863.022118
33802	476919.944961	3807664.337103	12299.067203
33803	476943.349349	3807614.130230	5098.865900
33804	476683.500000	3807471.500100	22884.392231
33805	477170.500000	3808125.500100	35147.018134
33806	476681.202973	3807605.170397	17850.682917
33807	476594.500000	3807230.500100	13898.019463
33808	476815.500000	3807754.500100	22822.789506
33809	476897.462088	3807717.929559	34414.177069
33810	476918.774790	3807664.415114	12305.506203
33811	476939.813177	3807614.837465	5152.165740
33812	476704.500000	3807486.500100	15891.134133
33813	476682.811769	3807474.253023	23299.852712
33814	477167.884906	3808122.647270	35210.653791
33815	476679.332832	3807604.983383	17945.192957
33816	476894.970684	3807715.821448	34417.365626
33817	476917.500000	3807664.500100	12321.285417
33818	476938.549218	3807615.090256	5221.622773
33819	476811.413998	3807755.083814	22835.191608
33820	476589.500000	3807225.500100	14047.382269
33821	476701.800002	3807486.500100	15893.364903
33822	476682.500000	3807475.500100	23323.136607
33823	477166.070070	3808120.667449	35237.784125
33824	476678.326496	3807604.882750	18231.310106
33825	476893.594316	3807714.656829	34418.818869
33826	476586.500000	3807228.500100	14098.498077
33827	476809.706199	3807755.327786	22854.601438
33828	476914.241366	3807665.803554	12355.170833
33829	476936.500000	3807615.500100	5228.258092
33830	476700.500000	3807486.500105	16001.562579
33831	476681.438241	3807476.410179	23379.484881
33832	477163.074702	3808117.399775	35246.735889
33833	476675.754277	3807604.625528	18233.214455
33834	476893.163923	3807714.292650	34420.521095
33835	476680.322976	3807477.366121	23390.303859
33836	476935.260646	3807616.532895	5297.111577
33837	476579.500000	3807224.500100	14117.517285
33838	476808.500000	3807755.500100	22858.585941
33839	476912.500000	3807666.500100	12364.920541
33840	476699.500000	3807486.500100	16015.917343
33841	477160.744155	3808114.857360	35542.590688
33842	476675.210045	3807604.571104	18238.725473
33843	476891.694652	3807713.049421	34516.188328
33844	476804.666534	3807755.287130	23052.901010
33845	476909.500000	3807665.750100	12368.705695
33846	476933.149117	3807618.292503	5319.984530
33847	476578.500000	3807222.500100	14223.272944
33848	476697.699997	3807488.300103	16018.904846
33849	476678.762923	3807478.703309	23404.682234
33850	476674.500000	3807604.500100	18256.436306
33851	477159.500000	3808113.500100	39235.834749
33852	476890.081041	3807711.684058	34522.764937
33853	476908.500000	3807665.500100	12392.148362
33854	476932.413211	3807618.905758	5329.620132
33855	476570.500000	3807223.500100	14277.271042
33856	476695.500000	3807490.500105	16095.826372
33857	476677.197352	3807480.045227	23446.196084
33858	476799.165980	3807754.981543	23797.704325
33859	476673.095994	3807605.472104	18264.689774
33860	477155.604115	3808112.039143	39312.928277
33861	476930.500000	3807620.500100	5332.981040
33862	476565.500000	3807221.500100	14335.287178
33863	476888.145260	3807710.046089	34525.843117
33864	476798.233949	3807754.929764	23890.036800
33865	476904.086800	3807665.815328	12398.383765
33866	476692.500000	3807493.500100	17168.699358
33867	476675.500000	3807481.500100	23532.025656
33868	476670.630222	3807607.179177	18278.294003
33869	477153.122365	3808111.108487	39336.411295
33870	476795.669087	3807754.787272	23895.165733
33871	476927.800006	3807621.400098	5552.268448
33872	476887.500000	3807709.500100	35341.220588
33873	476901.860900	3807665.974321	12414.332662
33874	476690.250000	3807493.500100	17170.699357
33875	476561.025669	3807224.296557	14432.296013
33876	476675.351510	3807481.846577	23583.903832
33877	476668.356526	3807608.753274	18327.527766
33878	477151.905591	3808110.652197	39375.692656
33879	476899.066814	3807666.173899	12418.403696
33880	476925.325001	3807622.225099	5578.470606
33881	476560.144937	3807224.847014	14439.750551
33882	476688.500000	3807493.500100	17201.348634
33883	476674.215228	3807484.497902	23606.219122
33884	476791.768285	3807754.570560	25131.620714
33885	476666.713578	3807609.890700	18624.795980
33886	477151.500000	3808110.500100	39534.282308
33887	476883.692309	3807710.261638	35494.836762
33888	476895.641704	3807666.418550	12421.947994
33889	476924.500000	3807622.500100	5580.500563
33890	476557.500000	3807226.500100	14485.116091
33891	476685.931709	3807492.314735	17204.296645
33892	476673.107755	3807487.082006	23658.109673
33893	476790.500000	3807754.500100	25148.435048
33894	476663.015754	3807612.450732	18648.307605
33895	477148.975611	3808108.480589	39566.898586
33896	476882.500000	3807710.500100	35581.863152
33897	476922.743901	3807623.904979	5584.140530
33898	476683.689278	3807491.279767	17225.669351
33899	476894.500000	3807666.500100	12490.626881
33900	476554.167618	3807222.864774	14565.850704
33901	476788.339992	3807755.580104	25156.666053
33902	476662.009555	3807613.147331	18651.302754
33903	477147.118903	3808106.995222	39570.167480
33904	476879.979997	3807712.390103	35611.063296
33905	476786.500000	3807756.500100	25211.001068
33906	476546.500000	3807214.500100	15024.450050
33907	476892.747192	3807665.404595	12504.213595
33908	477146.500000	3808106.500100	39979.107285
33909	476920.110945	3807626.011344	5887.550183
33910	476680.741487	3807489.919248	17424.267908
33911	476878.723008	3807713.332844	35617.133594
33912	476543.500000	3807217.500100	15047.706315
33913	476890.857994	3807664.223846	12646.352207
33914	476915.870816	3807629.403447	5895.629354
33915	476679.742600	3807489.458223	17506.031400
33916	476784.700007	3807755.600103	25233.178076
33917	476878.500000	3807713.500105	35619.548874
33918	477143.500000	3808106.500105	40083.470232
33919	476783.170006	3807754.835103	25240.909060
33920	476539.500000	3807217.500100	15090.149394
33921	476887.589498	3807662.181036	12676.316928
33922	476914.500000	3807630.500100	5948.476994
33923	476678.076521	3807488.689264	17668.129866
33924	476876.484000	3807715.012104	35708.708686
33925	477141.500000	3808106.500100	40710.700628
33926	476537.500000	3807219.500100	15111.040259
33927	476886.500000	3807661.500100	12681.666914
33928	476912.607883	3807633.203124	5954.450456
33929	476675.500000	3807487.500100	17681.605304
33930	476780.772394	3807753.636297	25287.670331
33931	476874.676580	3807716.367668	35730.190991
33932	477139.837947	3808105.895717	40725.509518
33933	476779.270121	3807752.885160	25289.151445
33934	476534.500000	3807218.500100	15135.216938
33935	476884.500000	3807661.500105	12683.958584
33936	476912.154046	3807633.851462	5961.907273
33937	476872.850464	3807717.737253	35731.952433
33938	477135.936795	3808104.477117	40767.330470
33939	476529.841808	3807222.913124	15185.750395
33940	476910.149056	3807636.715734	5965.627986
33941	476778.500000	3807752.500100	25304.588523
33942	476870.500000	3807719.500100	36025.001154
33943	477134.828695	3808104.074171	41087.415610
33944	476529.130599	3807223.586901	15203.336536
33945	476908.483823	3807639.094639	6254.259186
33946	476777.540982	3807751.349278	25362.661932
33947	476868.250000	3807720.250100	36080.067872
33948	477130.500000	3808102.500100	41653.427215
33949	477129.462357	3808101.610692	41654.541760
33950	476527.556754	3807225.077912	15238.570374
33951	476907.500000	3807640.500100	6323.245994
33952	476774.801682	3807748.062118	25369.708174
33953	476867.500000	3807720.500100	36084.853136
33954	476525.396199	3807227.124753	15266.892050
33955	476904.500000	3807640.500100	6336.217247
33956	476773.500000	3807746.500100	25616.569953
33957	476865.500000	3807719.500100	36118.928347
33958	477127.551206	3808099.972562	41702.985028
33959	476520.337444	3807231.917259	15282.006503
33960	476770.800000	3807745.150100	25628.959415
33961	476901.575000	3807643.425101	7297.699097
33962	476863.339995	3807720.220101	36418.757499
33963	477125.878553	3808098.538860	41821.727191
33964	476898.995361	3807646.004739	7301.760557
33965	476518.184921	3807233.956490	15293.228839
33966	476767.819474	3807743.659837	25645.575166
33967	476860.683996	3807721.105435	36504.229063
33968	477123.500000	3808096.500100	41829.162840
33969	476515.500000	3807236.500100	15413.753497
33970	476897.500000	3807647.500100	9497.502026
33971	476764.770193	3807742.135197	25711.481872
33972	476859.500000	3807721.500105	36514.114861
33973	477121.500000	3808096.500100	53128.820933
33974	476511.500000	3807236.500100	15515.795690
33975	476893.343635	3807649.578283	9502.339233
33976	476763.500000	3807741.500100	25834.743874
33977	476856.500000	3807722.500100	36542.138906
33978	477115.453128	3808090.453228	53393.944256
33979	476509.500000	3807233.500100	15526.944134
33980	476891.944272	3807650.277964	9511.400037
33981	476760.627985	3807741.162216	25841.506817
33982	476852.500000	3807720.500105	37958.339609
33983	477113.500000	3808088.500105	53399.106053
33984	476848.951432	3807718.725818	37964.707334
33985	476887.500000	3807652.500100	9690.570465
33986	476506.500000	3807234.500100	15545.223963
33987	476759.345763	3807741.011366	25978.857878
33988	477112.500000	3808087.500100	53562.842957
33989	476847.521128	3807718.010665	37969.047565
33990	476887.133126	3807653.784160	9696.458831
33991	476503.500000	3807231.500100	15553.957287
33992	476757.672642	3807740.814529	26035.366103
33993	477110.824618	3808087.043177	53564.110286
33994	476886.410288	3807656.314091	9701.178065
33995	476502.500000	3807230.500100	18923.008728
33996	476756.240073	3807740.645991	26051.296498
33997	476846.500000	3807717.500100	38005.203126
33998	477108.956040	3808086.533565	53946.903447
33999	476498.899997	3807230.500100	18944.390014
34000	476885.500000	3807659.500100	11092.921784
34001	476754.587106	3807740.451524	26092.476240
34002	476845.091764	3807716.293041	38069.233546
34003	477105.803539	3808085.673793	53965.956175
34004	477105.169731	3808085.500936	53967.427792
34005	476495.500000	3807230.500100	18984.223782
34006	476753.730273	3807740.350720	26093.016433
34007	476843.719708	3807715.116993	38222.760403
34008	477103.391000	3808085.015827	53969.924844
34009	476492.492742	3807233.598487	19011.983244
34010	476752.962767	3807740.260426	26098.828011
34011	476840.921931	3807712.718898	38446.675047
34012	476489.382743	3807236.802728	19102.686943
34013	476751.600354	3807740.100142	26107.916164
34014	476840.255883	3807712.148000	38449.331286
34015	477101.500000	3808084.500100	55538.078197
34016	476486.246383	3807240.034130	19188.397573
34017	476749.856341	3807739.894964	26111.122627
34018	476839.500000	3807711.500100	38450.750918
34019	477099.250000	3808081.500100	55544.586025
34020	477098.500000	3808080.500100	55577.727838
34021	476481.131678	3807245.303826	19248.252623
34022	476747.931701	3807739.668535	26161.974830
34023	476838.864707	3807710.441278	38462.544885
34024	476746.500000	3807739.500100	26174.809960
34025	476837.548758	3807708.248030	38496.944338
34026	477095.500000	3808080.500100	55796.776466
34027	476743.952305	3807739.818562	26192.209836
34028	476836.500000	3807706.500100	38677.654926
34029	477094.000000	3808078.250100	55803.862426
34030	477093.500000	3808077.500100	57097.137146
34031	476472.146871	3807254.560900	21815.365945
34032	476741.735052	3807740.095719	26207.361620
34033	476834.815456	3807706.184248	38705.767558
34034	476462.500000	3807264.500100	21847.817252
34035	476739.308763	3807740.399005	26210.504520
34036	476832.191261	3807705.692211	38810.899379
34037	477091.707988	3808077.201431	57107.372994
34038	476460.500000	3807264.500100	21870.631734
34039	476826.973469	3807704.713875	38826.801718
34040	477088.716947	3808076.702925	57959.894592
34041	476453.683530	3807270.267883	21889.681162
34042	476825.457334	3807704.429600	38975.310733
34043	477087.500000	3808076.500100	57972.581776
34044	476451.385727	3807270.559009	21959.553334
34045	476821.739333	3807703.732475	39000.651753
34046	477085.500000	3808074.500105	58116.974454
34047	476451.026217	3807272.516378	21964.855214
34048	476820.500000	3807703.500100	39004.238992
34049	477083.500000	3808072.500100	58899.296871
34050	476819.204006	3807702.528105	39012.521693
34051	476449.263108	3807274.008239	21984.060357
34052	477082.732354	3808069.429514	58902.173213
34053	476448.338555	3807273.899118	21988.070143
34054	476814.682790	3807699.137192	39061.214551
34055	477082.500000	3808068.500100	59063.653684
34056	476447.500000	3807275.500100	21991.705289
34057	476813.039975	3807697.905081	39068.928041
34058	477080.442856	3808066.442957	59123.650210
34059	476446.749008	3807275.500100	21997.283636
34060	476812.500000	3807697.500100	39083.933903
34061	477077.867049	3808063.867150	59173.179239
34062	477075.251548	3808061.251648	59178.396289
34063	476443.500000	3807275.500100	22005.426220
34064	476806.500000	3807697.500105	39207.408484
34065	476443.721582	3807278.549306	22033.651814
34066	476805.500000	3807697.500100	39213.341440
34067	477070.500000	3808056.500100	68246.320534
34068	476439.750000	3807278.500100	22133.324430
34069	476802.368000	3807696.456100	39233.189753
34070	477066.500000	3808057.500100	69291.371510
34071	477062.675002	3808053.675102	69298.047502
34072	476438.500000	3807279.500100	22145.287498
34073	476800.217000	3807695.739100	39834.457763
34074	476438.010486	3807282.499960	22157.475853
34075	477060.500000	3808051.500100	69332.067570
34076	476799.500000	3807695.500100	39843.235513
34077	477058.241514	3808050.854818	69338.049121
34078	476796.401643	3807692.918136	39874.707764
34079	476431.164050	3807280.967290	22173.505318
34080	476428.500000	3807281.500100	22330.396080
34081	476794.425467	3807691.271322	39932.955512
34082	477054.685379	3808049.838780	70121.812956
34083	476426.500000	3807283.500105	22365.260670
34084	476793.500000	3807690.500100	39938.936465
34085	477053.500000	3808049.500100	72770.397979
34086	477050.500000	3808045.500100	72784.924157
34087	476424.500000	3807285.500100	22383.783533
34088	476790.500000	3807691.500100	39986.206821
34089	476419.550002	3807285.500100	22393.627716
34090	477046.500000	3808043.500100	76222.896859
34091	476787.500000	3807689.500100	43323.495869
34092	476415.097738	3807285.500100	22403.507611
34093	477044.339994	3808044.220102	76225.896856
34094	476781.954336	3807690.353279	43336.973829
34095	476411.500000	3807285.500105	22460.329871
34096	476673.610013	3807488.130096	41345.009409
34097	476776.147505	3807691.246638	43594.666806
34098	477043.500000	3808044.500100	76367.334248
34099	476407.500000	3807285.500100	25491.344386
34100	476774.500000	3807691.500100	43754.882431
34101	476672.500000	3807488.500100	41346.837157
34102	477041.500000	3808043.500105	77690.402910
34103	476402.018828	3807287.849174	25502.942542
34104	476771.747062	3807688.747162	43767.372234
34105	476670.700002	3807490.300098	41401.176934
34106	477035.500000	3808040.500105	78109.738870
34107	476400.500000	3807288.500100	25609.283044
34108	476769.500000	3807686.500105	43882.994239
34109	476668.813104	3807492.186996	41449.849232
34110	477031.540000	3808038.520102	78345.312705
34111	476396.924463	3807291.360530	25620.539410
34112	476767.500000	3807684.500100	43908.606695
34113	476666.500000	3807494.500100	41455.475570
34114	477029.500000	3808037.500105	78687.371224
34115	476766.718869	3807681.766141	43919.681621
34116	476395.500000	3807292.500100	25670.719289
34117	476663.500000	3807494.500100	41722.998616
34118	477027.500000	3808036.500100	78840.812143
34119	476393.500000	3807296.500100	25732.623438
34120	476765.841573	3807678.695605	44047.341094
34121	476662.365849	3807495.407421	41737.011508
34122	477025.038237	3808033.628043	78845.394828
34123	476660.741542	3807496.706866	41800.864823
34124	476390.260022	3807298.120089	25776.959042
34125	476765.585393	3807677.798976	44081.900200
34126	477022.640393	3808030.830558	80597.319604
34127	476389.500000	3807298.500100	25782.619175
34128	476765.500000	3807677.500100	44139.028526
34129	476659.163482	3807497.969315	41811.175639
34130	477021.785098	3808029.832715	80752.652921
34131	476658.500000	3807498.500100	41819.509874
34132	476387.164388	3807301.419615	25803.632451
34133	476763.699992	3807676.600096	44143.717196
34134	477021.500000	3808029.500100	80761.475225
34135	476762.469998	3807675.985099	44144.631609
34136	476385.440721	3807303.574198	25912.900670
34137	476657.500000	3807498.500105	41836.916562
34138	477018.500000	3808029.500100	80789.073808
34139	476760.854732	3807675.177466	44145.998179
34140	476381.500000	3807308.500100	25926.972043
34141	476656.500000	3807498.500105	41841.291562
34142	477016.477542	3808028.236063	81369.908797
34143	477014.452300	3808026.970287	81373.145888
34144	476378.591581	3807310.162054	25948.519816
34145	476760.028047	3807674.764124	44168.656401
34146	476654.500000	3807498.500105	42084.858374
34147	476368.939681	3807315.677425	26055.089381
34148	476757.500000	3807673.500100	44235.891534
34149	476653.500000	3807498.500105	42108.824926
34150	477011.939043	3808025.399502	83523.964019
34151	476362.330712	3807319.453979	26164.817482
34152	476755.163758	3807675.369094	44265.514285
34153	476651.500000	3807498.500105	42118.074926
34154	477010.500000	3808024.500100	83685.996091
34155	476360.500000	3807320.500100	26186.979941
34156	476752.500000	3807677.500100	44276.010249
34157	476648.500000	3807498.500105	42159.611073
34158	477009.960002	3808023.420103	83772.476715
34159	476356.500000	3807325.500100	26219.465741
34160	476750.512373	3807678.295151	44335.163148
34161	476647.500000	3807498.500100	42290.401517
34162	477008.267050	3808020.034199	83792.248273
34163	476748.847012	3807678.961295	44343.028340
34164	476643.276922	3807501.315486	42447.752212
34165	476352.500000	3807326.500100	26249.015471
34166	477007.500000	3808018.500100	83827.753744
34167	476642.412094	3807501.892037	42457.888218
34168	476347.610702	3807331.101792	26502.170276
34169	476747.500000	3807679.500100	44364.780002
34170	477004.350002	3808015.350102	83833.041142
34171	476339.567265	3807338.672085	26539.520517
34172	476744.500000	3807677.500100	44397.900867
34173	476641.500000	3807502.500100	42764.144326
34174	477002.962500	3808013.962600	84218.151561
34175	476336.790029	3807341.285955	26587.632867
34176	476883.999998	3807661.000102	23777.880369
34177	476740.469102	3807679.739488	44427.174237
34178	476638.500000	3807502.500100	42795.548283
34179	477002.500000	3808013.500100	84886.882937
34180	476336.093802	3807341.941227	26595.402952
34181	476883.500000	3807661.500100	23788.833012
34182	476738.700326	3807680.722141	44437.047941
34183	476637.695286	3807503.419773	42804.591570
34184	476998.103235	3808010.702159	85775.902073
34185	476737.471912	3807681.404593	44440.115794
34186	476881.339995	3807662.220102	23792.195414
34187	476335.500000	3807342.500100	26613.346176
34188	476636.844842	3807504.391709	42907.399450
34189	476994.644162	3808008.500930	86059.588950
34190	476333.559407	3807346.624046	26634.461658
34191	476635.197383	3807506.274519	42916.856753
34192	476880.500000	3807662.500100	25682.744450
34193	476735.500000	3807682.500100	45089.850573
34194	476992.286040	3808007.000307	86220.094780
34195	476327.500000	3807344.500100	26673.465946
34196	476878.423078	3807661.115485	25684.753132
34197	476733.911772	3807681.547163	45103.866098
34198	476634.525445	3807507.042449	42995.932866
34199	476991.500000	3808006.500100	86243.076519
34200	476877.500000	3807660.500100	25722.810536
34201	476325.598826	3807346.401274	26691.349577
34202	476730.500000	3807679.500100	45268.130825
34203	476632.694138	3807509.135371	43290.711999
34204	476990.239998	3808003.980097	86249.851750
34205	476989.500000	3808002.500100	86254.523828
34206	476728.757602	3807679.183300	45269.814126
34207	476325.088919	3807346.911181	26694.820431
34208	476875.085362	3807662.431810	25725.542744
34209	476631.500000	3807510.500100	43341.415142
34210	476628.821600	3807512.508900	43344.754855
34211	476726.735454	3807678.815637	45272.324771
34212	476874.333536	3807663.033271	25726.903198
34213	476323.697651	3807348.302449	26715.141987
34214	476987.076924	3808001.115485	93652.583688
34215	476873.632020	3807663.594484	25727.631866
34216	476725.652439	3807678.618725	45300.707386
34217	476319.500000	3807352.500100	26906.234411
34218	476627.748589	3807513.313658	43459.270569
34219	476978.672162	3807996.312764	95294.395447
34220	476872.500000	3807664.500100	25741.195022
34221	476315.500000	3807354.500100	26934.519328
34222	476723.396126	3807678.208487	45589.655491
34223	476623.471498	3807516.521476	43487.055530
34224	476976.293040	3807994.953266	95635.186404
34225	476311.500000	3807353.500100	26981.131884
34226	476869.500000	3807664.500105	25930.832257
34227	476720.757740	3807677.728780	45701.267069
34228	476622.463232	3807517.277676	43497.117031
34229	476975.500000	3807994.500100	95639.844681
34230	476719.500000	3807677.500100	45702.866453
34231	476307.877708	3807355.475896	26997.351059
34232	476866.500000	3807664.500100	25940.715587
34233	476620.747404	3807518.564547	43498.669515
34234	476974.388237	3807992.647161	95643.796945
34235	476306.036166	3807356.480373	27024.083947
34236	476863.780220	3807662.027573	26575.363642
34237	476718.141408	3807676.707588	45764.391416
34238	476619.500000	3807519.500100	44656.498118
34239	476972.972059	3807990.286865	96129.404892
34240	476972.500000	3807989.500100	96593.281324
34241	476303.843328	3807357.676467	27042.014941
34242	476859.702232	3807658.320311	26639.121526
34243	476715.828239	3807675.358239	45781.693414
34244	476616.758463	3807519.652408	44756.239760
34245	476969.500000	3807988.500100	96597.117816
34246	476300.500000	3807359.500100	27048.737504
34247	476857.351854	3807656.183604	26751.065454
34248	476713.670078	3807674.099312	45783.446098
34249	476615.109470	3807519.744018	44775.474996
34250	476300.500000	3807359.500105	27072.063311
34251	476855.500000	3807654.500100	26757.890234
34252	476712.529959	3807673.434243	45835.091002
34253	476613.202385	3807519.849968	45006.485549
34254	476967.544826	3807986.762168	96649.215838
34255	476966.042738	3807985.426978	96651.803080
34256	476299.257277	3807360.825673	27123.006766
34257	476853.339998	3807653.420099	26798.336261
34258	476710.129693	3807672.034088	45920.656009
34259	476610.355214	3807520.008144	45150.331787
34260	476964.727660	3807984.258020	96654.115798
34261	476298.014554	3807362.151242	27137.048757
34262	476850.844000	3807652.172100	26828.126033
34263	476708.526193	3807671.098713	45925.282537
34264	476606.561168	3807520.218924	45175.460966
34265	476296.607637	3807361.940634	27143.143700
34266	476849.500000	3807651.500100	30691.277615
34267	476707.500000	3807670.500100	45993.748713
34268	476603.920157	3807520.365647	45178.692923
34269	476961.347620	3807981.253540	98537.151695
34270	476845.500000	3807651.500100	30707.779466
34271	476293.571162	3807365.274803	27203.211155
34272	476960.500000	3807980.500100	98589.698289
34273	476601.500000	3807520.500100	46448.383541
34274	476702.975680	3807671.254153	46118.077287
34275	476294.120358	3807366.305051	27208.146015
34276	476844.154942	3807652.307135	30714.369118
34277	476701.868920	3807671.438613	46120.416320
34278	476600.095999	3807522.372101	46519.798087
34279	476959.000000	3807980.500100	98592.078226
34280	476701.500000	3807671.500100	46121.749337
34281	476599.390541	3807523.312712	46532.758746
34282	476293.392193	3807367.081761	27216.069068
34283	476840.500000	3807654.500100	30856.668982
34284	476958.500000	3807980.500100	98593.562610
34285	476291.825924	3807368.752448	27275.415042
34286	476836.675000	3807654.500100	30860.610793
34287	476699.482767	3807670.693207	46210.827283
34288	476598.225230	3807524.866460	46549.320145
34289	476957.705882	3807979.176571	100759.910206
34290	476290.259654	3807370.423136	27290.921234
34291	476832.828393	3807654.500100	30967.259836
34292	476698.294495	3807670.217898	46347.632541
34293	476597.055011	3807526.426752	46570.894067
34294	476956.313273	3807976.855555	100769.745342
34295	476289.231100	3807371.520260	27293.573181
34296	476829.088984	3807654.500100	30970.862821
34297	476696.948624	3807669.679549	46349.808541
34298	476595.500000	3807528.500100	46587.049714
34299	476955.500000	3807975.500100	101042.496017
34300	476696.500000	3807669.500100	46364.006166
34301	476288.787068	3807371.993894	27296.544362
34302	476827.075826	3807654.500100	30972.726790
34303	476591.086618	3807530.391549	46858.576313
34304	476954.430187	3807975.194439	101045.060742
34305	476288.343036	3807372.467528	27298.269523
34306	476826.500000	3807654.500100	31115.902309
34307	476693.500000	3807669.500105	46398.326964
34308	476590.399954	3807530.685834	49569.259757
34309	476952.445804	3807974.627473	101071.227715
34310	476287.526596	3807373.338398	27300.498334
34311	476821.977505	3807652.992602	31689.570066
34312	476690.500000	3807669.500105	46427.755301
34313	476588.500000	3807531.500105	49575.071980
34314	476949.486451	3807973.781943	101074.908214
34315	476287.086408	3807373.807931	27301.364073
34316	476820.500000	3807652.500100	31786.579602
34317	476689.500000	3807669.500100	46475.546975
34318	476586.110343	3807532.524242	49590.984228
34319	476948.500000	3807973.500100	104325.869089
34320	476286.513967	3807374.418535	27301.900114
34321	476818.601365	3807653.363116	31791.755279
34322	476688.000000	3807668.000100	46483.991574
34323	476583.875519	3807533.482022	49596.258019
34324	476946.288497	3807970.972668	105018.682406
34325	476687.500000	3807667.500100	46625.307636
34326	476817.920448	3807653.672624	50745.497087
34327	476583.289624	3807533.733119	49597.961181
34328	476945.546639	3807970.124831	105024.875732
34329	476816.450762	3807654.340662	50750.196956
34330	476685.500000	3807667.500105	46688.800234
34331	476581.500000	3807534.500100	49878.840563
34332	476944.353546	3807968.761296	105245.288078
34333	476579.784705	3807536.501278	49881.174939
34334	476813.084914	3807655.870594	50761.955598
34335	476683.250000	3807667.500103	46691.283392
34336	476943.332789	3807967.594716	105267.739111
34337	476941.878594	3807965.932779	105274.199555
34338	476810.592524	3807657.003498	50894.631785
34339	476680.174996	3807667.500102	46777.090723
34340	476578.908566	3807537.523440	49896.270110
34341	476941.500000	3807965.500100	105276.165410
34342	476809.500000	3807657.500100	50943.523277
34343	476678.500000	3807667.500105	46790.317748
34344	476577.177098	3807539.543485	50058.038469
34345	476808.288455	3807657.257791	50947.651310
34346	476677.500000	3807667.500100	46795.186120
34347	476575.500000	3807541.500100	50130.759381
34348	476940.253850	3807964.669333	105321.499877
34349	476676.018464	3807664.537028	46796.859927
34350	476571.568962	3807543.072515	50150.814427
34351	476804.341914	3807656.468483	51036.788820
34352	476937.994900	3807963.163366	105334.295312
34353	476800.698077	3807655.739715	51043.409194
34354	476936.629785	3807962.253290	105340.555603
34355	476569.881085	3807543.747666	50228.725931
34356	476799.167519	3807655.433604	51130.073827
34357	476935.500000	3807961.500100	105510.737130
34358	476566.791456	3807544.983518	50476.943454
34359	476565.500000	3807545.500100	50480.584554
34360	476797.246061	3807655.049312	51139.798034
34361	476934.413792	3807961.065617	105567.711817
34362	476794.500000	3807654.500100	51242.722114
34363	476930.500000	3807959.500105	105616.774708
34364	476791.701221	3807656.739123	51246.660461
34365	476928.482759	3807958.693208	105661.749602
34366	476790.763848	3807657.489022	51248.506951
34367	476925.500000	3807957.500105	105678.896611
34368	476789.500000	3807658.500100	51271.756451
34369	476924.103448	3807956.941483	105681.849326
34370	476922.231439	3807956.192678	105689.794552
34371	476786.800002	3807658.500100	51274.537511
34372	476785.500000	3807658.500100	51324.248240
34373	476920.602939	3807955.541278	105719.157830
34374	476783.950821	3807660.359115	51364.510021
34375	476918.320671	3807954.628369	105733.952001
34376	476916.579794	3807953.932018	105734.891476
34377	476783.348720	3807661.081636	51390.787097
34378	476782.241573	3807662.410212	51397.261636
34379	476915.500000	3807953.500100	113866.234574
34380	476781.395093	3807663.425989	51399.345073
34381	476912.500000	3807949.500105	113948.119109
34382	476780.500000	3807664.500100	51802.591064
34383	476911.528000	3807948.204103	114033.352351
34384	476779.500000	3807664.500105	51810.129257
34385	476910.007000	3807946.176101	114036.036952
34386	476776.500000	3807664.500100	51914.561979
34387	476909.500000	3807945.500100	114572.500936
34388	476771.879379	3807662.446491	51926.666390
34389	476907.979313	3807944.848377	114598.042408
34390	476770.180125	3807661.691267	51969.131739
34391	476906.820845	3807944.351891	114607.776628
34392	476904.745976	3807943.462661	114610.024250
34393	476769.352020	3807661.323220	52035.966767
34394	476767.500000	3807660.500100	52041.692288
34395	476904.146081	3807943.205563	114613.571196
34396	476902.500000	3807942.500100	114856.645190
34397	476765.500000	3807660.500105	52171.437627
34398	476763.500000	3807660.500100	52216.552971
34399	476899.499632	3807944.000284	114871.587164
34400	476761.250000	3807662.750100	52221.521723
34401	476898.500000	3807944.500100	114873.291301
34402	476760.500000	3807663.500100	52260.349482
34403	476896.500000	3807943.500100	114946.159159
34404	476754.707838	3807664.224120	52298.220678
34405	476893.581076	3807943.986587	118522.338534
34406	476891.521310	3807944.329882	118525.038910
34407	476752.500000	3807664.500100	52345.631834
34408	476749.661540	3807662.878123	52371.897758
34409	476890.500000	3807944.500100	118585.720186
34410	476748.046110	3807661.955020	52383.992651
34411	476887.879647	3807941.505411	119107.975817
34412	476746.136528	3807660.863830	52386.070235
34413	476884.858816	3807938.053032	122883.061118
34414	476745.500000	3807660.500100	52412.109106
34415	476883.500000	3807936.500100	123032.925195
34416	476744.807693	3807659.461639	52572.987839
34417	476884.202439	3807930.178153	123481.680974
34418	476742.533013	3807656.049620	52577.544955
34419	476884.406527	3807928.341357	123509.570285
34420	476741.500000	3807654.500100	52757.410781
34421	476884.500000	3807927.500100	124036.755711
34422	476739.011759	3807653.878040	52801.496912
34423	476883.115386	3807925.077025	124629.801127
34424	476737.500000	3807653.500105	52811.922524
34425	476880.500000	3807920.500100	124734.517333
34426	476734.747059	3807652.811866	52813.965445
34427	476879.536470	3807919.674217	124789.309687
34428	476733.500000	3807652.500100	52964.256821
34429	476876.997967	3807917.498357	132904.734449
34430	476730.500000	3807653.250100	53004.368125
34431	476875.125801	3807915.893643	132928.332028
34432	476729.500000	3807653.500100	53061.378450
34433	476873.910034	3807914.851558	132946.988018
34434	476871.046680	3807912.397254	132950.712980
34435	476727.007692	3807651.838561	53128.877384
34436	476869.906689	3807911.420119	132954.814174
34437	476724.376923	3807650.084715	53176.758565
34438	476869.228246	3807910.838596	133034.760731
34439	476723.500000	3807649.500100	53192.691523
34440	476720.199996	3807649.500100	53280.428256
34441	476867.025367	3807908.950415	133100.040293
34442	476717.500000	3807649.500100	53326.712854
34443	476866.500000	3807908.500100	133170.625655
34444	476714.516856	3807644.727070	53466.638979
34445	476864.911767	3807905.853044	133512.256860
34446	476713.641092	3807643.325847	53469.294549
34447	476863.500000	3807903.500100	133522.198747
34448	476712.500000	3807641.500100	53538.053617
34449	476860.500000	3807901.500100	133531.697797
34450	476711.415068	3807641.006949	53541.062116
34451	476856.500000	3807901.500100	133626.779771
34452	476706.818225	3807638.917475	53663.925248
34453	476852.830764	3807899.053943	133829.447328
34454	476705.573902	3807638.351874	53747.038420
34455	476851.299568	3807898.033145	133840.937582
34456	476702.573601	3807636.988100	53821.486746
34457	476850.500000	3807897.500100	133850.431797
34458	476701.500000	3807636.500100	53872.074570
34459	476848.729508	3807895.375510	133867.952386
34460	476846.307377	3807892.468952	133872.908295
34461	476700.475867	3807635.589760	53873.768724
34462	476845.500000	3807891.500100	139041.204009
34463	476699.290708	3807634.536285	53917.913719
34464	476846.053846	3807888.730870	139045.822937
34465	476696.020311	3807631.629266	53989.331859
34466	476695.285854	3807630.976415	54082.874286
34467	476846.500000	3807886.500100	139375.333237
34468	476693.008155	3807628.951793	54134.402516
34469	476844.339998	3807885.780099	141291.917019
34470	476692.500000	3807628.500105	54140.700728
34471	476843.500000	3807885.500100	141332.598842
34472	476689.613794	3807625.934587	54144.538150
34473	476841.500000	3807883.500105	141346.000200
34474	476688.849118	3807625.254874	54235.881781
34475	476839.160002	3807881.160103	141348.424120
34476	476687.499595	3807624.055297	54318.266457
34477	476838.500000	3807880.500100	141438.552030
34478	476685.750380	3807622.500439	54339.683945
34479	476837.558461	3807878.852407	141463.048102
34480	476684.844515	3807621.695225	54370.363984
34481	476836.324116	3807876.692304	141549.611508
34482	476683.500000	3807620.500100	54390.295763
34483	476835.237292	3807874.790360	141599.876097
34484	476679.746340	3807620.083027	54494.594313
34485	476834.500000	3807873.500100	141671.431173
34486	476832.160006	3807872.720102	141673.716895
34487	476677.652238	3807619.850349	54497.464550
34488	476676.481869	3807619.720308	54498.149521
34489	476831.500000	3807872.500100	141706.340801
34490	476674.995467	3807619.555152	54557.195836
34491	476829.500000	3807873.500105	141716.525449
34492	476674.500000	3807619.500100	54557.871611
34493	476827.500000	3807874.500100	141718.005217
34494	476826.060003	3807873.780102	141718.755217
34495	476672.838464	3807618.392409	54562.652592
34496	476671.273825	3807617.349317	54673.402742
34497	476825.500000	3807873.500105	149075.650675
34498	476670.192643	3807616.628528	54674.665384
34499	476822.800001	3807872.150102	149081.382738
34500	476668.500000	3807615.500100	54699.529083
34501	476821.500000	3807871.500100	149083.898831
34502	476666.880013	3807616.040096	54708.270144
34503	476820.149998	3807870.150098	149161.794356
34504	476665.500000	3807616.500100	54822.346450
34505	476819.500000	3807869.500100	149187.521277
34506	476663.916001	3807615.312100	54830.229416
34507	476818.857143	3807866.285815	149355.890018
34508	476662.616899	3807614.337774	54836.349127
34509	476818.500000	3807864.500100	149435.535186
34510	476819.029411	3807862.382456	149477.374231
34511	476819.382353	3807860.970689	149584.266642
34512	476819.500000	3807860.500100	149586.784544
34513	476818.894829	3807859.088034	149641.425782
34514	476818.600188	3807858.400538	149690.504468
34515	476816.500000	3807853.500105	149725.253293
34516	476816.034483	3807852.413898	149725.885855
34517	476815.594358	3807851.386938	149760.966755
34518	476814.498390	3807848.829677	149779.367001
34519	476814.154346	3807848.026908	150038.059956
34520	476813.663586	3807846.881802	150043.305099
34521	476813.500000	3807846.500100	150046.379850
34522	476812.940540	3807843.143339	150325.191037
34523	476812.691695	3807841.650270	150333.167750
34524	476812.525765	3807840.654688	150338.646066
34525	476812.151293	3807838.407857	150359.389364
34526	476811.753788	3807836.022827	150366.785707
34527	476811.600250	3807835.101602	150367.403552
34528	476811.525063	3807834.650476	150438.916208
34529	476811.506266	3807834.537694	150439.032280
34530	476811.500000	3807834.500100	150458.725948
34531	476809.848236	3807832.573042	150492.502656
34532	476808.341428	3807830.815100	151114.224009
34533	476807.332473	3807829.637985	151116.921521
34534	476806.567888	3807828.745969	151118.359527
34535	476805.500000	3807827.500100	159211.181131
34536	476803.594121	3807827.023630	159220.131252
34537	476802.464253	3807826.741163	159221.594795
34538	476801.741063	3807826.560366	159222.246363
34539	476801.500000	3807826.500100	159331.523907
34540	476799.949231	3807823.786254	159348.809949
34541	476799.276840	3807822.609570	161058.689806
34542	476797.500000	3807819.500100	161699.292922
34543	476795.250000	3807817.250100	161703.730118
34544	476794.500000	3807816.500100	161706.837409
34545	476792.500000	3807816.500100	161834.221907
34546	476790.880001	3807814.340102	161876.502026
34547	476788.643259	3807811.357779	162575.145198
34548	476787.434716	3807809.746388	162908.978444
34549	476786.500000	3807808.500100	162912.763716
34550	476786.500000	3807806.400102	163009.507878
34551	476661.500000	3807613.500100	73489.119626
34552	476786.500000	3807804.500105	163062.112948
34553	476660.500000	3807613.500105	73509.863126
34554	476786.500000	3807801.800105	163065.626625
34555	476657.799999	3807613.500102	73513.539452
34556	476786.500000	3807801.500105	163213.643404
34557	476655.325000	3807613.500101	73647.820222
34558	476786.500000	3807799.500100	163226.084755
34559	476654.500000	3807613.500100	73695.589435
34560	476785.253847	3807797.630871	163342.089651
34561	476652.555018	3807612.722107	73731.255103
34562	476784.027110	3807795.790765	163371.445087
34563	476783.158693	3807794.488139	163391.392411
34564	476650.312717	3807611.825187	73733.504956
34565	476649.500000	3807611.500100	73791.460002
34566	476781.164673	3807791.497110	163457.736411
34567	476648.420000	3807612.040100	73792.085003
34568	476780.666168	3807790.749352	163459.241142
34569	476647.500000	3807612.500105	73842.598799
34570	476780.500000	3807790.500100	163460.586714
34571	476645.699998	3807613.400104	73915.196626
34572	476780.338001	3807789.366104	163540.973916
34573	476644.470000	3807614.015103	73915.873814
34574	476779.953919	3807786.677533	163568.572970
34575	476779.775978	3807785.431947	163598.224836
34576	476643.500000	3807614.500105	73954.530491
34577	476779.631857	3807784.423100	163599.491551
34578	476641.500000	3807615.500100	73956.707567
34579	476640.149994	3807615.050098	73989.461925
34580	476779.500000	3807783.500100	163620.881654
34581	476637.260997	3807614.087099	73996.565607
34582	476777.988000	3807781.484101	163804.060896
34583	476776.500000	3807779.500100	163843.687085
34584	476775.500000	3807779.500105	163848.353742
34585	476773.500000	3807779.500100	163852.571294
34586	476771.185716	3807777.185816	163855.480732
34587	476769.912324	3807775.912424	171226.574530
34588	476768.853081	3807774.853181	171231.250454
34589	476768.500000	3807774.500100	171370.621700
34590	476767.000000	3807771.500100	171376.418192
34591	476766.500000	3807770.500100	171472.539380
34592	476767.500000	3807769.500100	171479.644217
34593	476766.875676	3807765.754157	171517.254142
34594	476766.684349	3807764.606194	171524.636638
34595	476766.500000	3807763.500100	171574.592167
34596	476764.500000	3807761.500105	171586.304961
34597	476763.750000	3807760.750101	171592.336211
34598	476763.500000	3807760.500100	174935.258296
34599	476761.500000	3807760.500105	174976.185855
34600	476760.500000	3807760.500100	174977.680445
34601	476759.890771	3807759.433949	174985.333093
34602	476758.416267	3807756.853567	175109.936975
34603	476757.469360	3807755.196480	175139.930727
34604	476756.500000	3807753.500100	175230.181882
34605	476754.340005	3807752.780102	175242.685093
34606	476752.038037	3807752.012779	175283.011539
34607	476750.500000	3807751.500100	177778.922479
34608	476748.250002	3807749.250102	177804.047764
34609	476747.500000	3807748.500105	177808.498118
34610	476746.600001	3807747.600104	177818.705762
34611	476745.500000	3807746.500100	177821.844131
34612	476744.413792	3807746.065617	177862.346293
34613	476742.729794	3807745.392018	177873.848018
34614	476741.982757	3807745.093203	177926.135079
34615	476740.500000	3807744.500100	178472.280810
34616	476739.500000	3807742.500105	178528.831236
34617	476738.750000	3807741.000101	178530.093618
34618	476738.500000	3807740.500105	178535.931732
34619	476738.500000	3807740.500100	204747.181263
34620	476737.461539	3807739.807793	204752.069796
34621	476736.081870	3807738.888013	204760.386242
34622	476734.444607	3807737.796504	204842.708681
34623	476732.935643	3807736.790529	205753.381651
34624	476730.791195	3807735.360897	205766.203910
34625	476728.243335	3807733.662323	205971.224150
34626	476726.500000	3807732.500100	212411.341162
34627	476726.500000	3807730.250103	212413.824484
34628	476726.500000	3807727.175100	212417.439607
34629	476726.500000	3807725.500100	212768.939841
34630	476725.388242	3807724.547164	212840.580646
34631	476722.635638	3807722.187790	213486.562320
34632	476720.747007	3807720.568963	213560.713235
34633	476720.160722	3807720.066433	213571.455809
34634	476717.579621	3807717.854061	213745.939680
34635	476716.790929	3807717.178039	213765.229219
34636	476715.259133	3807715.865071	213864.727496
34637	476713.744231	3807714.566584	213900.588157
34638	476713.264296	3807714.155211	213901.771662
34639	476712.691074	3807713.663878	213928.758765
34640	476712.500000	3807713.500100	213935.999413
34641	476710.450493	3807713.705051	213995.170048
34642	476708.402666	3807713.909833	214046.615260
34643	476706.390528	3807714.111047	214093.918329
34644	476704.467021	3807714.303398	214097.702948
34645	476702.991755	3807714.450924	214101.629775
34646	476702.500000	3807714.500100	214113.698108
34647	476702.031945	3807715.436211	214121.237032
34648	476701.500000	3807716.500100	214588.089173
34649	476699.880002	3807715.960101	214604.008266
34650	476698.500000	3807715.500100	214613.919307
34651	476697.629923	3807715.674115	216910.158274
34652	476695.294940	3807716.141112	216912.985371
34653	476693.500000	3807716.500100	216996.466706
34654	476690.980002	3807715.240101	217041.104815
34655	476689.500000	3807714.500100	217082.976171
34656	476688.669231	3807713.253947	217090.760514
34657	476687.727127	3807711.840790	220774.209944
34658	476687.500000	3807711.500100	220781.797949
34659	476687.794163	3807706.793489	221578.481827
34660	476687.961054	3807704.123243	221739.311208
34661	476688.088856	3807702.078409	221751.121210
34662	476688.230232	3807699.816391	221757.657483
34663	476688.297814	3807698.735076	221758.925500
34664	476688.438875	3807696.478099	222029.701166
34665	476688.500000	3807695.500100	222033.850785
34666	476687.970589	3807693.382456	222047.207748
34667	476687.215481	3807690.362023	222142.639367
34668	476686.775224	3807688.600995	222143.586865
34669	476686.500000	3807687.500100	222235.604305
34670	476684.461066	3807685.716033	222285.639470
34671	476682.217293	3807683.752732	222288.461916
34672	476681.525075	3807683.147041	222586.839116
34673	476678.500000	3807680.500100	222624.165704
34674	476676.602701	3807680.183884	222633.936806
34675	476673.920583	3807679.736864	225717.201479
34676	476672.500000	3807679.500100	225850.751005
34677	476670.556002	3807676.908102	225853.625585
34678	476670.082075	3807676.276199	225861.790093
34679	476669.500000	3807675.500100	225985.954680
34680	476669.500000	3807673.500105	226011.399062
34681	476669.500000	3807672.500100	226015.392812
34682	476670.500000	3807671.500105	226137.452970
34683	476672.299998	3807669.700104	226141.468797
34684	476673.500000	3807668.500100	226242.851465
34685	476675.029436	3807664.676509	226301.564552
34686	476675.500000	3807663.500100	273104.245843
34687	476674.755173	3807661.762171	273129.090889
34688	476674.215683	3807660.503361	273158.004151
34689	476673.050309	3807657.784154	273227.212652
34690	476672.637577	3807656.821114	273228.767933
34691	476672.500000	3807656.500100	273594.014061
34692	476670.500000	3807654.500105	273620.990573
34693	476669.150000	3807653.150104	273666.460305
34694	476667.500000	3807651.500105	273670.786912
34695	476665.700000	3807649.700104	273739.817522
34696	476663.870001	3807647.870104	273931.355350
34697	476662.066680	3807646.066783	273979.347109
34698	476660.762568	3807644.762671	273983.518981
34699	476659.191092	3807643.191194	273994.128135
34700	476658.500000	3807642.500105	274246.144540
34701	476655.500000	3807639.500105	274306.727873
34702	476652.500000	3807636.500105	274350.811807
34703	476651.500000	3807635.500100	274385.861747
34704	476648.706607	3807634.701988	274420.110086
34705	476646.944867	3807634.198634	274494.789331
34706	476645.111217	3807633.674733	274511.440943
34707	476644.500000	3807633.500100	274514.910156
34708	476643.113402	3807634.886698	274575.011410
34709	476641.500000	3807636.500100	274580.731787
34710	476640.500000	3807636.500105	274705.145621
34711	476639.500000	3807636.500100	274719.236936
34712	476636.588240	3807634.753044	274913.962542
34713	476635.332613	3807633.999668	274915.841750
34714	476634.500000	3807633.500100	274918.549468
34715	476633.500000	3807634.500100	274920.991999
34716	476630.500000	3807633.500100	284579.244472
34717	476628.399997	3807631.400097	284696.698465
34718	476626.974999	3807629.975099	284703.583004
34719	476626.500000	3807629.500100	284728.369154
34720	476628.447539	3807627.877151	284735.876035
34721	476629.606052	3807626.911723	284761.240064
34722	476630.938745	3807625.801146	284784.736233
34723	476632.500000	3807624.500100	284859.153807
34724	476631.500000	3807622.500100	284875.081304
34725	476632.849998	3807621.150102	284877.782355
34726	476634.087499	3807619.912601	284947.919298
34727	476634.500000	3807619.500100	284948.811316
34728	476634.791892	3807617.748749	284991.242159
34729	476635.125293	3807615.748341	285067.358178
34730	476635.940249	3807613.646850	359065.142745
34731	476635.500000	3807613.500100	359113.077277
34732	476633.831707	3807611.414733	359186.603117
34733	476632.209630	3807609.387137	359189.384457
34734	476631.500000	3807608.500100	360697.339187
34735	476628.862063	3807607.444925	360746.960376
34736	476626.500000	3807606.500100	360852.719840
34737	476623.566016	3807606.060002	360855.958664
34738	476620.038771	3807605.530916	360859.170485
34739	476618.104747	3807605.240812	360860.716004
34740	476616.682017	3807605.027403	361112.057287
34741	476612.794863	3807604.444330	361115.824011
34742	476610.725132	3807604.133870	361132.207909
34743	476608.277852	3807603.766778	361388.659494
34744	476606.500000	3807603.500100	361494.569037
34745	476604.932128	3807602.074762	367659.321162
34746	476602.084728	3807599.486216	367779.702389
34747	476600.540635	3807598.082495	367809.137005
34748	476597.757117	3807595.552025	367850.786539
34749	476596.064279	3807594.013081	367986.099875
34750	476595.500000	3807593.500100	367989.441020
34751	476596.500000	3807592.500100	368446.963820
34752	476594.831708	3807590.414735	368542.850897
34753	476593.082927	3807588.228759	368549.654184
34754	476592.500000	3807587.500100	368885.682033
34755	476590.632948	3807586.651440	368896.786927
34756	476589.244144	3807586.020165	369086.964119
34757	476587.441353	3807585.200715	369105.396899
34758	476584.481493	3807583.855324	369218.425098
34759	476583.064863	3807583.211401	369349.187770
34760	476581.909941	3807582.686437	369351.828895
34761	476581.500000	3807582.500100	369383.400691
34762	476578.800004	3807582.500100	369391.578028
34763	476576.500000	3807582.500105	369463.703128
34764	476573.800001	3807582.500102	369517.398609
34765	476571.500000	3807582.500100	369521.005493
34766	476569.007696	3807580.838564	374924.513420
34767	476566.736370	3807579.324347	374972.027398
34768	476565.500000	3807578.500100	376017.093102
34769	476564.095123	3807576.744004	376045.317276
34770	476563.116893	3807575.521216	376048.758195
34771	476561.500000	3807573.500100	380274.332633
34772	476561.750819	3807570.741087	380522.911347
34773	476562.193535	3807565.871210	380563.785379
34774	476562.362944	3807564.007712	380565.392506
34775	476562.465736	3807562.877003	380736.676230
34776	476562.500000	3807562.500100	380817.229969
34777	476564.569999	3807558.360102	381601.651271
34778	476565.303362	3807556.893377	381616.775626
34779	476565.500000	3807556.500100	381645.859675
34780	476565.500000	3807554.500105	381747.590801
34781	476565.500000	3807549.500100	381779.811626
34782	476564.500000	3807548.500105	381816.864440
34783	476562.500000	3807546.500100	381829.942440
34784	476562.500000	3807544.500100	432313.646975
34785	476561.649724	3807543.555349	432416.221623
34786	476557.892755	3807539.380939	432495.279958
34787	476555.978265	3807537.253728	432497.339463
34788	476554.747279	3807535.885966	432646.855132
34789	476553.500000	3807534.500100	432677.637276
34790	476552.500000	3807535.500100	432691.507871
34791	476551.086331	3807535.197171	432724.626306
34792	476546.424851	3807534.198282	433068.463636
34793	476541.130699	3807533.063821	433225.437590
34794	476538.500000	3807532.500100	433311.632147
34795	476536.500000	3807534.500100	433565.773814
34796	476533.758458	3807534.347792	433712.831946
34797	476529.420294	3807534.106783	433792.119215
34798	476526.579618	3807533.948968	433891.032834
34799	476523.748544	3807533.791686	433934.711161
34800	476521.501171	3807533.666832	447999.018299
34801	476519.250293	3807533.541783	448014.470636
34802	476518.500000	3807533.500100	449570.134934
34803	476515.059233	3807531.533948	449584.165170
34804	476513.908252	3807530.876244	449586.712712
34805	476513.099934	3807530.414348	449748.020334
34806	476511.500000	3807529.500100	449751.780074
34807	476508.799998	3807529.500100	450095.492478
34808	476507.500000	3807529.500100	450139.141767
34809	476505.500000	3807527.500100	450148.704266
34810	476502.500000	3807528.500100	450151.333697
34811	476501.060003	3807527.780102	450273.078653
34812	476498.500000	3807526.500105	452077.819334
34813	476496.699999	3807525.600102	452133.578354
34814	476494.500000	3807524.500100	452142.855248
34815	476491.749747	3807524.696547	452187.418934
34816	476489.966972	3807524.823888	452210.872732
34817	476487.596792	3807524.993186	452414.660063
34818	476484.815399	3807525.191857	452417.845220
34819	476482.982069	3807525.322809	452463.885080
34820	476481.608132	3807525.420948	452464.771270
34821	476480.961534	3807525.467133	460333.276155
34822	476480.500000	3807525.500100	460341.984654
34823	476478.423075	3807525.084715	460355.751282
34824	476476.527004	3807524.705501	460357.461991
34825	476475.500000	3807524.500100	461262.162572
34826	476474.526229	3807523.688624	461273.171734
34827	476472.681249	3807522.151141	461310.536176
34828	476470.892848	3807520.660807	461403.696795
34829	476469.500000	3807519.500100	461515.209316
34830	476469.500000	3807516.500105	462883.089277
34831	476469.500000	3807513.542962	463009.250045
34832	476469.500000	3807510.508616	463551.250032
34833	476469.500000	3807509.500100	463562.994210
34834	476468.095999	3807507.628098	463571.997483
34835	476466.844647	3807505.959629	463627.924582
34836	476465.729972	3807504.473396	476398.531907
34837	476464.518181	3807502.857674	476401.437264
34838	476463.500000	3807501.500100	476804.340207
34839	476461.879993	3807500.960098	476837.456241
34840	476459.464081	3807500.154794	476872.835785
34841	476457.500000	3807499.500100	477429.420459
34842	476453.794616	3807496.412280	477653.917598
34843	476452.073654	3807494.978145	477656.611758
34844	476451.500000	3807494.500100	477663.747500
34845	476447.951924	3807493.790485	477668.227282
34846	476446.500000	3807493.500100	478055.999518
34847	476443.988782	3807490.361077	478101.119031
34848	476440.554536	3807486.068270	478251.800673
34849	476439.434720	3807484.668500	478253.429574
34850	476438.500000	3807483.500100	489198.146540
34851	476436.500000	3807481.500105	489206.459036
34852	476434.500000	3807479.500100	489264.839557
34853	476432.482747	3807478.693199	490001.845180
34854	476429.500000	3807477.500100	490861.507676
34855	476427.500000	3807474.500100	490900.177973
34856	476427.822017	3807473.426709	490900.854907
34857	476428.243290	3807472.022466	490916.749356
34858	476428.997981	3807469.506830	490919.233841
34859	476429.915663	3807466.447891	493229.382030
34860	476430.353916	3807464.987048	493265.655662
34861	476430.500000	3807464.500100	493267.483392
34862	476429.500000	3807461.500100	493278.719867
34863	476429.791892	3807459.748749	493280.625835
34864	476430.066851	3807458.098994	493330.187565
34865	476430.391713	3807456.149823	493332.490887
34866	476430.750000	3807455.750100	497884.810325
34867	476430.500000	3807455.500100	497892.781659
34868	476429.010346	3807452.024241	499085.500842
34869	476427.877587	3807449.381135	499088.852289
34870	476427.500000	3807448.500100	499393.896568
34871	476428.241176	3807445.535396	499841.793760
34872	476428.500000	3807444.500100	499859.783633
34873	476425.641180	3807442.784808	499988.986096
34874	476424.904208	3807442.342625	499989.691712
34875	476423.492612	3807441.495667	499993.796039
34876	476420.700504	3807439.820402	500086.374404
34877	476419.603958	3807439.162475	500089.302545
34878	476418.500000	3807438.500100	503270.015814
34879	476416.700000	3807438.500100	503275.997355
34880	476414.300000	3807438.500100	503278.190855
34881	476413.500000	3807438.500100	503338.770834
34882	476411.831707	3807436.414733	503508.944036
34883	476410.485089	3807434.731461	503510.523596
34884	476409.746272	3807433.807940	503583.119201
34885	476409.500000	3807433.500100	503599.827797
34886	476408.500000	3807433.500105	503601.327793
34887	476407.500000	3807433.500100	504032.823679
34888	476406.600000	3807431.700100	504040.698572
34889	476405.775000	3807430.050100	504167.812486
34890	476405.500000	3807429.500100	504173.067898
34891	476403.500000	3807430.500100	504398.921769
34892	476401.521926	3807427.203311	504425.769943
34893	476400.755482	3807425.925903	504466.176345
34894	476400.500000	3807425.500100	504466.743400
34895	476399.441174	3807425.235393	505928.796993
34896	476397.822686	3807424.830772	506092.592066
34897	476396.500000	3807424.500105	506099.062599
34898	476394.382352	3807423.970690	506103.871126
34899	476393.408237	3807423.727160	506104.386422
34900	476392.500000	3807423.500100	506469.958173
34901	476392.080000	3807420.140103	506687.186008
34902	476391.794066	3807417.852628	506721.954149
34903	476391.500000	3807415.500100	517146.382335
34904	476390.500000	3807413.500105	517165.862804
34905	476389.750000	3807412.000101	517168.043755
34906	476389.500000	3807411.500100	517338.029810
34907	476387.853660	3807410.183028	517353.816199
34908	476386.231918	3807408.885634	517374.214803
34909	476384.853400	3807407.782820	517379.496617
34910	476384.500000	3807407.500100	521248.102605
34911	476380.775867	3807407.810444	521435.219767
34912	476375.487829	3807408.251114	521473.559187
34913	476374.020697	3807408.373375	521483.748285
34914	476372.500000	3807408.500100	522401.771162
34915	476370.640984	3807406.950920	522403.851729
34916	476369.032203	3807405.610269	522405.801048
34917	476367.666097	3807404.471848	522457.896935
34918	476366.500000	3807403.500100	525067.502538
34919	476364.835851	3807403.024629	525075.947676
34920	476363.557316	3807402.659333	525076.630741
34921	476362.429886	3807402.337210	525531.426007
34922	476359.500000	3807401.500100	525715.007759
34923	476358.204006	3807400.528105	525761.778219
34924	476356.099983	3807398.950087	525772.335021
34925	476355.500000	3807398.500100	526238.338233
34926	476352.440003	3807398.500100	526266.426587
34927	476351.500000	3807398.500100	526347.673385
34928	476349.735293	3807399.558924	526349.192256
34929	476348.323576	3807400.405954	527511.828563
34930	476346.500000	3807401.500100	527855.095746
34931	476343.800004	3807401.500100	529626.677107
34932	476342.500000	3807401.500105	529686.900272
34933	476337.500000	3807401.500100	530117.024872
34934	476335.286883	3807399.655836	530141.819511
34935	476333.892978	3807398.494248	530681.789010
34936	476331.500000	3807396.500100	530687.090662
34937	476330.817242	3807394.793205	530962.278498
34938	476329.779150	3807392.197975	531025.031718
34939	476329.569788	3807391.674569	531028.687232
34940	476329.500000	3807391.500100	531054.536422
34941	476326.176925	3807389.284717	531076.857467
34942	476324.847691	3807388.398560	531165.867385
34943	476323.500000	3807387.500100	542248.270659
34944	476320.747059	3807386.811865	543468.972121
34945	476318.654025	3807386.288606	543474.118802
34946	476317.484232	3807385.996158	543507.824935
34947	476316.110623	3807385.652756	543510.904507
34948	476315.500000	3807385.500100	543605.213590
34949	476313.976922	3807387.784717	543612.132652
34950	476312.967047	3807389.299530	543624.614311
34951	476311.500000	3807391.500100	543725.028776
34952	476310.155985	3807391.308098	544022.022766
34953	476306.870654	3807390.838765	544159.453159
34954	476304.500000	3807390.500100	544333.218237
34955	476303.388242	3807389.547164	544501.259793
34956	476300.710095	3807387.251610	544838.629861
34957	476297.500000	3807384.500100	544863.283636
34958	476295.500000	3807384.500100	544910.608814
34959	476295.500000	3807382.500100	545064.992717
34960	476294.000002	3807381.000102	545066.992718
34961	476291.500000	3807378.500100	545155.569879
34962	476288.980002	3807377.240101	545168.677363
34963	476287.422998	3807376.461599	545176.414230
34964	476285.903719	3807375.069466	572479.672990
34965	476285.500000	3807375.500100	572481.578648
34966	476284.500000	3807375.500105	572488.817425
34967	476283.500000	3807375.500102	572489.906336
34968	476282.556404	3807375.500100	572490.340808
34969	476282.500000	3807375.500100	572493.339726
34970	476281.000002	3807374.000102	572568.115597
34971	476279.875000	3807372.875100	572585.692042
34972	476279.500000	3807372.500100	572587.698553
34973	476278.500000	3807373.500100	572599.945684
34974	476276.520000	3807372.510100	572651.942060
34975	476274.500000	3807371.500100	572656.466732
34976	476273.500000	3807371.500105	575090.679926
34977	476269.900002	3807371.500101	575201.571805
34978	476268.500000	3807371.500100	575245.134845
34979	476264.182323	3807369.649667	575590.996916
34980	476261.500000	3807368.500100	579612.965703
34981	476259.893840	3807365.689320	579669.629157
34982	476258.016156	3807362.403373	579673.283588
34983	476257.500000	3807361.500100	579690.969211
34984	476257.214633	3807358.931792	579728.497404
34985	476256.786382	3807355.077542	579745.901480
34986	476256.504210	3807352.537992	581307.495167
34987	476256.222038	3807349.998442	581310.197343
34988	476256.500000	3807349.000000	581310.197343
