1
476280.210838,3807377.135184
476281.701623,3807376.095964
476281.000002,3807374.000102
END
2
476968.500000,3807730.500100
476966.635836,3807730.662201
476965.568861,3807730.754982
476962.338711,3807731.035864
476959.928996,3807731.245405
476956.846576,3807731.513441
476956.315435,3807731.559627
476954.504757,3807731.717078
476951.695511,3807731.961360
476948.577565,3807732.232486
476946.673619,3807732.398046
476946.108866,3807732.447155
476945.500000,3807732.500100
476943.196004,3807730.772103
476938.924001,3807727.568101
476937.500000,3807726.500100
476931.904858,3807725.256735
476928.500000,3807724.500100
476926.988001,3807719.964103
476926.500000,3807718.500100
476923.800003,3807715.800103
476922.500000,3807714.500100
476914.186989,3807715.779025
476910.756091,3807716.306855
476909.500000,3807716.500100
476907.500000,3807718.500100
476903.500000,3807718.500100
476901.250000,3807720.000100
476900.500000,3807720.500100
476899.531726,3807719.680791
476898.974172,3807719.209015
476898.311800,3807718.648546
476897.462088,3807717.929559
476894.970684,3807715.821448
476893.594316,3807714.656829
476893.163923,3807714.292650
476891.694652,3807713.049421
476890.081041,3807711.684058
476888.145260,3807710.046089
476887.500000,3807709.500100
476883.692309,3807710.261638
476882.500000,3807710.500100
476879.979997,3807712.390103
476878.723008,3807713.332844
476878.500000,3807713.500105
476876.484000,3807715.012104
476874.676580,3807716.367668
476872.850464,3807717.737253
476870.500000,3807719.500100
476868.250000,3807720.250100
476867.500000,3807720.500100
476865.500000,3807719.500100
476863.339995,3807720.220101
476860.683996,3807721.105435
476859.500000,3807721.500105
476856.500000,3807722.500100
476852.500000,3807720.500105
476848.951432,3807718.725818
476847.521128,3807718.010665
476846.500000,3807717.500100
476845.091764,3807716.293041
476843.719708,3807715.116993
476840.921931,3807712.718898
476840.255883,3807712.148000
476839.500000,3807711.500100
476838.864707,3807710.441278
476837.548758,3807708.248030
476836.500000,3807706.500100
476834.815456,3807706.184248
476832.191261,3807705.692211
476826.973469,3807704.713875
476825.457334,3807704.429600
476821.739333,3807703.732475
476820.500000,3807703.500100
476819.204006,3807702.528105
476814.682790,3807699.137192
476813.039975,3807697.905081
476812.500000,3807697.500100
476806.500000,3807697.500105
476805.500000,3807697.500100
476802.368000,3807696.456100
476800.217000,3807695.739100
476799.500000,3807695.500100
476796.401643,3807692.918136
476794.425467,3807691.271322
476793.500000,3807690.500100
476790.500000,3807691.500100
476787.500000,3807689.500100
476781.954336,3807690.353279
476776.147505,3807691.246638
476774.500000,3807691.500100
476771.747062,3807688.747162
476769.500000,3807686.500105
476767.500000,3807684.500100
476766.718869,3807681.766141
476765.841573,3807678.695605
476765.585393,3807677.798976
476765.500000,3807677.500100
476763.699992,3807676.600096
476762.469998,3807675.985099
476760.854732,3807675.177466
476760.028047,3807674.764124
476757.500000,3807673.500100
476755.163758,3807675.369094
476752.500000,3807677.500100
476750.512373,3807678.295151
476748.847012,3807678.961295
476747.500000,3807679.500100
476744.500000,3807677.500100
476740.469102,3807679.739488
476738.700326,3807680.722141
476737.471912,3807681.404593
476735.500000,3807682.500100
476733.911772,3807681.547163
476730.500000,3807679.500100
476728.757602,3807679.183300
476726.735454,3807678.815637
476725.652439,3807678.618725
476723.396126,3807678.208487
476720.757740,3807677.728780
476719.500000,3807677.500100
476718.141408,3807676.707588
476715.828239,3807675.358239
476713.670078,3807674.099312
476712.529959,3807673.434243
476710.129693,3807672.034088
476708.526193,3807671.098713
476707.500000,3807670.500100
476702.975680,3807671.254153
476701.868920,3807671.438613
476701.500000,3807671.500100
476699.482767,3807670.693207
476698.294495,3807670.217898
476696.948624,3807669.679549
476696.500000,3807669.500100
476693.500000,3807669.500105
476690.500000,3807669.500105
476689.500000,3807669.500100
476688.000000,3807668.000100
476687.500000,3807667.500100
476685.500000,3807667.500105
476683.250000,3807667.500103
476680.174996,3807667.500102
476678.500000,3807667.500105
476677.500000,3807667.500100
476676.018464,3807664.537028
476675.500000,3807663.500100
END
3
477039.500000,3807675.500100
477028.500000,3807664.500100
477026.500000,3807665.500100
477020.283063,3807660.060280
477018.500000,3807658.500100
477013.250000,3807660.750100
477011.500000,3807661.500100
477008.500000,3807660.500100
477003.676000,3807661.189243
477001.500000,3807661.500100
476995.500000,3807660.500100
476992.764001,3807658.448101
476991.500000,3807657.500100
476986.500000,3807657.500105
476981.500000,3807657.500100
476979.500000,3807654.500100
476969.500000,3807652.500100
476965.224998,3807652.500100
476961.500000,3807652.500100
476958.259996,3807654.120102
476953.500000,3807656.500100
476948.999995,3807656.500100
476947.500000,3807656.500100
476941.500000,3807660.500100
476936.500000,3807660.500100
476934.915998,3807661.688101
476934.195444,3807662.228517
476933.516065,3807662.738051
476932.500000,3807663.500100
476928.990601,3807663.734060
476924.503757,3807664.033183
476919.944961,3807664.337103
476918.774790,3807664.415114
476917.500000,3807664.500100
476914.241366,3807665.803554
476912.500000,3807666.500100
476909.500000,3807665.750100
476908.500000,3807665.500100
476904.086800,3807665.815328
476901.860900,3807665.974321
476899.066814,3807666.173899
476895.641704,3807666.418550
476894.500000,3807666.500100
476892.747192,3807665.404595
476890.857994,3807664.223846
476887.589498,3807662.181036
476886.500000,3807661.500100
476884.500000,3807661.500105
476883.999998,3807661.000102
END
4
476466.500000,3807499.500100
476465.861701,3807500.776698
476465.500000,3807501.500100
476463.500000,3807501.500100
END
5
477053.500000,3807644.500100
477047.428289,3807639.566835
477037.500000,3807631.500100
477036.500000,3807632.500100
477034.500000,3807631.500100
477029.500000,3807625.500100
477025.643407,3807624.643079
477020.500000,3807623.500100
477014.161804,3807617.866148
477011.500000,3807615.500100
477003.500000,3807614.500100
476999.000000,3807612.250100
476997.500000,3807611.500100
476994.500000,3807613.500100
476992.249999,3807611.250099
476991.500000,3807610.500105
476990.500000,3807609.500100
476978.500000,3807609.500100
476975.026898,3807608.682900
476971.273444,3807607.799734
476965.630299,3807606.471935
476962.592390,3807605.757133
476961.500000,3807605.500100
476958.902680,3807607.318224
476958.384187,3807607.681169
476956.557887,3807608.959579
476954.585796,3807610.340042
476952.663538,3807611.685623
476951.500000,3807612.500100
476947.692308,3807613.261638
476945.167620,3807613.766576
476943.349349,3807614.130230
476939.813177,3807614.837465
476938.549218,3807615.090256
476936.500000,3807615.500100
476935.260646,3807616.532895
476933.149117,3807618.292503
476932.413211,3807618.905758
476930.500000,3807620.500100
476927.800006,3807621.400098
476925.325001,3807622.225099
476924.500000,3807622.500100
476922.743901,3807623.904979
476920.110945,3807626.011344
476915.870816,3807629.403447
476914.500000,3807630.500100
476912.607883,3807633.203124
476912.154046,3807633.851462
476910.149056,3807636.715734
476908.483823,3807639.094639
476907.500000,3807640.500100
476904.500000,3807640.500100
476901.575000,3807643.425101
476898.995361,3807646.004739
476897.500000,3807647.500100
476893.343635,3807649.578283
476891.944272,3807650.277964
476887.500000,3807652.500100
476887.133126,3807653.784160
476886.410288,3807656.314091
476885.500000,3807659.500100
476883.999998,3807661.000102
END
6
476460.185665,3807258.189702
476465.787933,3807251.466981
476472.146871,3807254.560900
END
7
477242.500000,3808207.500100
477240.500000,3808199.500100
477236.500000,3808194.500100
477237.500000,3808192.500100
END
8
476432.500000,3807455.500100
476432.037799,3807455.962301
476431.500000,3807456.500100
476430.750000,3807455.750100
END
9
476738.500000,3807622.500100
476736.699983,3807621.600092
476735.223985,3807620.862093
476734.500000,3807620.500105
476732.500000,3807619.500105
476729.548002,3807618.024102
476728.500000,3807617.500100
476725.800002,3807617.500100
476723.245388,3807617.500100
476722.500000,3807617.500100
476719.500000,3807615.500100
476717.399999,3807615.500100
476716.500000,3807615.500105
476712.500000,3807616.500105
476711.500000,3807615.500105
476708.799999,3807615.500102
476707.500000,3807615.500100
476704.980002,3807614.240101
476703.500000,3807613.500100
476701.748867,3807611.573854
476700.877060,3807610.614866
476699.725865,3807609.348551
476698.687292,3807608.206121
476695.698477,3807604.918425
476695.196916,3807604.366707
476694.212086,3807603.283395
476693.500000,3807602.500100
476692.058283,3807602.980672
476689.215113,3807603.928396
476686.499248,3807604.833684
476684.500000,3807605.500100
476681.202973,3807605.170397
476679.332832,3807604.983383
476678.326496,3807604.882750
476675.754277,3807604.625528
476675.210045,3807604.571104
476674.500000,3807604.500100
476673.095994,3807605.472104
476670.630222,3807607.179177
476668.356526,3807608.753274
476666.713578,3807609.890700
476663.015754,3807612.450732
476662.009555,3807613.147331
476661.500000,3807613.500100
END
10
476688.500000,3807242.500100
476687.044113,3807241.626568
476683.500000,3807239.500100
476683.500000,3807237.500100
476681.250000,3807236.000100
476680.500000,3807235.500100
476679.500000,3807236.500100
476674.500000,3807235.500100
476671.500000,3807238.500100
476666.500000,3807235.500100
476665.500000,3807237.500100
476661.500000,3807238.500100
476656.364713,3807237.216278
476653.500000,3807236.500100
476650.500000,3807237.500100
476647.729423,3807241.194203
476647.500000,3807241.500100
476643.500000,3807241.500100
476642.059994,3807242.220103
476640.619989,3807242.940106
476637.500000,3807244.500100
476633.150001,3807240.150101
476630.500000,3807237.500105
476629.500000,3807236.500100
476626.500000,3807236.500100
476620.741138,3807235.327525
476619.500000,3807234.500100
476614.500000,3807236.500100
476606.500000,3807229.500100
476602.500000,3807232.500100
476598.500000,3807229.500100
476595.408249,3807230.273038
476594.500000,3807230.500100
476589.500000,3807225.500100
476586.500000,3807228.500100
476579.500000,3807224.500100
476578.500000,3807222.500100
476570.500000,3807223.500100
476565.500000,3807221.500100
476561.025669,3807224.296557
476560.144937,3807224.847014
476557.500000,3807226.500100
476554.167618,3807222.864774
476546.500000,3807214.500100
476543.500000,3807217.500100
476539.500000,3807217.500100
476537.500000,3807219.500100
476534.500000,3807218.500100
476529.841808,3807222.913124
476529.130599,3807223.586901
476527.556754,3807225.077912
476525.396199,3807227.124753
476520.337444,3807231.917259
476518.184921,3807233.956490
476515.500000,3807236.500100
476511.500000,3807236.500100
476509.500000,3807233.500100
476506.500000,3807234.500100
476503.500000,3807231.500100
476502.500000,3807230.500100
476498.899997,3807230.500100
476495.500000,3807230.500100
476492.492742,3807233.598487
476489.382743,3807236.802728
476486.246383,3807240.034130
476481.131678,3807245.303826
476472.146871,3807254.560900
END
11
477269.500000,3808203.500100
477265.500000,3808201.500100
477259.500000,3808202.500100
477257.500000,3808198.500100
477251.500000,3808193.500100
477247.500000,3808192.500100
477243.500000,3808193.500100
477237.500000,3808192.500100
END
12
476769.500000,3807473.500100
476767.538459,3807473.892408
476765.635920,3807474.272916
476764.494876,3807474.501125
476761.556767,3807475.088747
476758.836853,3807475.632729
476756.289641,3807476.142172
476754.500000,3807476.500100
476751.426827,3807478.958638
476749.500000,3807480.500100
476747.610002,3807480.770100
476745.874674,3807481.018004
476744.960964,3807481.148534
476743.411937,3807481.369823
476741.350940,3807481.664251
476739.296101,3807481.957800
476736.724622,3807482.325154
476735.500000,3807482.500100
476734.239990,3807482.320099
476731.381905,3807481.911801
476728.500000,3807481.500100
476726.414631,3807479.831804
476724.228658,3807478.083026
476723.500000,3807477.500100
476719.851350,3807478.108208
476718.429866,3807478.345122
476717.500000,3807478.500100
476714.637764,3807480.261476
476712.812955,3807481.384435
476710.789052,3807482.629914
476708.658124,3807483.941255
476705.539531,3807485.860389
476704.500000,3807486.500100
476701.800002,3807486.500100
476700.500000,3807486.500105
476699.500000,3807486.500100
476697.699997,3807488.300103
476695.500000,3807490.500105
476692.500000,3807493.500100
476690.250000,3807493.500100
476688.500000,3807493.500100
476685.931709,3807492.314735
476683.689278,3807491.279767
476680.741487,3807489.919248
476679.742600,3807489.458223
476678.076521,3807488.689264
476675.500000,3807487.500100
476673.610013,3807488.130096
END
13
476808.500000,3807827.500100
476807.500000,3807827.500105
476805.500000,3807827.500100
END
14
476743.500000,3807441.500100
476741.784704,3807441.881277
476737.904202,3807442.743611
476735.991623,3807443.168628
476734.500000,3807443.500100
476731.588230,3807445.247162
476730.537769,3807445.877438
476729.500000,3807446.500100
476728.577666,3807447.473674
476727.915726,3807448.172389
476724.972198,3807451.279447
476724.115945,3807452.183269
476723.452632,3807452.883433
476721.942899,3807454.477040
476719.112710,3807457.464461
476718.264933,3807458.359337
476716.464768,3807460.259511
476715.060853,3807461.741422
476713.116714,3807463.793568
476711.500000,3807465.500100
476708.889770,3807466.022146
476704.009708,3807466.998158
476701.500000,3807467.500100
476699.404475,3807468.897117
476698.500000,3807469.500100
476694.844979,3807469.987436
476692.738073,3807470.268357
476690.716076,3807470.537957
476689.533202,3807470.695673
476687.496882,3807470.967182
476684.499220,3807471.366871
476683.500000,3807471.500100
476682.811769,3807474.253023
476682.500000,3807475.500100
476681.438241,3807476.410179
476680.322976,3807477.366121
476678.762923,3807478.703309
476677.197352,3807480.045227
476675.500000,3807481.500100
476675.351510,3807481.846577
476674.215228,3807484.497902
476673.107755,3807487.082006
476673.610013,3807488.130096
END
15
476904.500000,3807772.500100
476902.500000,3807769.500100
476898.500000,3807769.500100
476894.372422,3807767.731138
476892.633524,3807766.985896
476891.500000,3807766.500100
476890.500000,3807767.500100
476885.562159,3807763.973071
476883.500000,3807762.500100
476879.617257,3807762.241251
476877.209210,3807762.080714
476873.817240,3807761.854583
476872.904081,3807761.793705
476870.546978,3807761.636565
476868.500000,3807761.500100
476866.500000,3807759.500100
476863.804110,3807760.511059
476862.510088,3807760.996317
476859.502522,3807762.124154
476858.500000,3807762.500100
476857.163345,3807762.366435
476852.538307,3807761.903931
476850.516149,3807761.701715
476848.500000,3807761.500100
476843.363412,3807762.070832
476839.500000,3807762.500100
476837.500000,3807760.500100
476834.446201,3807760.245617
476828.346781,3807759.737332
476825.500000,3807759.500100
476821.128575,3807757.314387
476816.939750,3807755.219975
476815.500000,3807754.500100
476811.413998,3807755.083814
476809.706199,3807755.327786
476808.500000,3807755.500100
476804.666534,3807755.287130
476799.165980,3807754.981543
476798.233949,3807754.929764
476795.669087,3807754.787272
476791.768285,3807754.570560
476790.500000,3807754.500100
476788.339992,3807755.580104
476786.500000,3807756.500100
476784.700007,3807755.600103
476783.170006,3807754.835103
476780.772394,3807753.636297
476779.270121,3807752.885160
476778.500000,3807752.500100
476777.540982,3807751.349278
476774.801682,3807748.062118
476773.500000,3807746.500100
476770.800000,3807745.150100
476767.819474,3807743.659837
476764.770193,3807742.135197
476763.500000,3807741.500100
476760.627985,3807741.162216
476759.345763,3807741.011366
476757.672642,3807740.814529
476756.240073,3807740.645991
476754.587106,3807740.451524
476753.730273,3807740.350720
476752.962767,3807740.260426
476751.600354,3807740.100142
476749.856341,3807739.894964
476747.931701,3807739.668535
476746.500000,3807739.500100
476743.952305,3807739.818562
476741.735052,3807740.095719
476739.308763,3807740.399005
476738.500000,3807740.500100
END
16
477237.500000,3808192.500100
477236.500000,3808186.500100
477228.500000,3808181.500100
477225.500000,3808181.500100
477225.500000,3808177.500100
477213.500000,3808165.500100
477209.500000,3808161.500100
477205.500000,3808157.500100
477203.250000,3808152.250100
477202.500000,3808150.500100
477197.500000,3808144.500100
477196.500000,3808142.500100
477188.219910,3808138.360055
477184.500000,3808136.500100
477183.000000,3808133.500100
477182.500000,3808132.500100
477180.500000,3808132.500100
477178.524781,3808130.771783
477174.893182,3808127.594134
477173.098295,3808126.023609
477172.500000,3808125.500100
477170.500000,3808125.500100
477167.884906,3808122.647270
477166.070070,3808120.667449
477163.074702,3808117.399775
477160.744155,3808114.857360
477159.500000,3808113.500100
477155.604115,3808112.039143
477153.122365,3808111.108487
477151.905591,3808110.652197
477151.500000,3808110.500100
477148.975611,3808108.480589
477147.118903,3808106.995222
477146.500000,3808106.500100
477143.500000,3808106.500105
477141.500000,3808106.500100
477139.837947,3808105.895717
477135.936795,3808104.477117
477134.828695,3808104.074171
477130.500000,3808102.500100
477129.462357,3808101.610692
477127.551206,3808099.972562
477125.878553,3808098.538860
477123.500000,3808096.500100
477121.500000,3808096.500100
477115.453128,3808090.453228
477113.500000,3808088.500105
477112.500000,3808087.500100
477110.824618,3808087.043177
477108.956040,3808086.533565
477105.803539,3808085.673793
477105.169731,3808085.500936
477103.391000,3808085.015827
477101.500000,3808084.500100
477099.250000,3808081.500100
477098.500000,3808080.500100
477095.500000,3808080.500100
477094.000000,3808078.250100
477093.500000,3808077.500100
477091.707988,3808077.201431
477088.716947,3808076.702925
477087.500000,3808076.500100
477085.500000,3808074.500105
477083.500000,3808072.500100
477082.732354,3808069.429514
477082.500000,3808068.500100
477080.442856,3808066.442957
477077.867049,3808063.867150
477075.251548,3808061.251648
477070.500000,3808056.500100
477066.500000,3808057.500100
477062.675002,3808053.675102
477060.500000,3808051.500100
477058.241514,3808050.854818
477054.685379,3808049.838780
477053.500000,3808049.500100
477050.500000,3808045.500100
477046.500000,3808043.500100
477044.339994,3808044.220102
477043.500000,3808044.500100
477041.500000,3808043.500105
477035.500000,3808040.500105
477031.540000,3808038.520102
477029.500000,3808037.500105
477027.500000,3808036.500100
477025.038237,3808033.628043
477022.640393,3808030.830558
477021.785098,3808029.832715
477021.500000,3808029.500100
477018.500000,3808029.500100
477016.477542,3808028.236063
477014.452300,3808026.970287
477011.939043,3808025.399502
477010.500000,3808024.500100
477009.960002,3808023.420103
477008.267050,3808020.034199
477007.500000,3808018.500100
477004.350002,3808015.350102
477002.962500,3808013.962600
477002.500000,3808013.500100
476998.103235,3808010.702159
476994.644162,3808008.500930
476992.286040,3808007.000307
476991.500000,3808006.500100
476990.239998,3808003.980097
476989.500000,3808002.500100
476987.076924,3808001.115485
476978.672162,3807996.312764
476976.293040,3807994.953266
476975.500000,3807994.500100
476974.388237,3807992.647161
476972.972059,3807990.286865
476972.500000,3807989.500100
476969.500000,3807988.500100
476967.544826,3807986.762168
476966.042738,3807985.426978
476964.727660,3807984.258020
476961.347620,3807981.253540
476960.500000,3807980.500100
476959.000000,3807980.500100
476958.500000,3807980.500100
476957.705882,3807979.176571
476956.313273,3807976.855555
476955.500000,3807975.500100
476954.430187,3807975.194439
476952.445804,3807974.627473
476949.486451,3807973.781943
476948.500000,3807973.500100
476946.288497,3807970.972668
476945.546639,3807970.124831
476944.353546,3807968.761296
476943.332789,3807967.594716
476941.878594,3807965.932779
476941.500000,3807965.500100
476940.253850,3807964.669333
476937.994900,3807963.163366
476936.629785,3807962.253290
476935.500000,3807961.500100
476934.413792,3807961.065617
476930.500000,3807959.500105
476928.482759,3807958.693208
476925.500000,3807957.500105
476924.103448,3807956.941483
476922.231439,3807956.192678
476920.602939,3807955.541278
476918.320671,3807954.628369
476916.579794,3807953.932018
476915.500000,3807953.500100
476912.500000,3807949.500105
476911.528000,3807948.204103
476910.007000,3807946.176101
476909.500000,3807945.500100
476907.979313,3807944.848377
476906.820845,3807944.351891
476904.745976,3807943.462661
476904.146081,3807943.205563
476902.500000,3807942.500100
476899.499632,3807944.000284
476898.500000,3807944.500100
476896.500000,3807943.500100
476893.581076,3807943.986587
476891.521310,3807944.329882
476890.500000,3807944.500100
476887.879647,3807941.505411
476884.858816,3807938.053032
476883.500000,3807936.500100
476884.202439,3807930.178153
476884.406527,3807928.341357
476884.500000,3807927.500100
476883.115386,3807925.077025
476880.500000,3807920.500100
476879.536470,3807919.674217
476876.997967,3807917.498357
476875.125801,3807915.893643
476873.910034,3807914.851558
476871.046680,3807912.397254
476869.906689,3807911.420119
476869.228246,3807910.838596
476867.025367,3807908.950415
476866.500000,3807908.500100
476864.911767,3807905.853044
476863.500000,3807903.500100
476860.500000,3807901.500100
476856.500000,3807901.500100
476852.830764,3807899.053943
476851.299568,3807898.033145
476850.500000,3807897.500100
476848.729508,3807895.375510
476846.307377,3807892.468952
476845.500000,3807891.500100
476846.053846,3807888.730870
476846.500000,3807886.500100
476844.339998,3807885.780099
476843.500000,3807885.500100
476841.500000,3807883.500105
476839.160002,3807881.160103
476838.500000,3807880.500100
476837.558461,3807878.852407
476836.324116,3807876.692304
476835.237292,3807874.790360
476834.500000,3807873.500100
476832.160006,3807872.720102
476831.500000,3807872.500100
476829.500000,3807873.500105
476827.500000,3807874.500100
476826.060003,3807873.780102
476825.500000,3807873.500105
476822.800001,3807872.150102
476821.500000,3807871.500100
476820.149998,3807870.150098
476819.500000,3807869.500100
476818.857143,3807866.285815
476818.500000,3807864.500100
476819.029411,3807862.382456
476819.382353,3807860.970689
476819.500000,3807860.500100
476818.894829,3807859.088034
476818.600188,3807858.400538
476816.500000,3807853.500105
476816.034483,3807852.413898
476815.594358,3807851.386938
476814.498390,3807848.829677
476814.154346,3807848.026908
476813.663586,3807846.881802
476813.500000,3807846.500100
476812.940540,3807843.143339
476812.691695,3807841.650270
476812.525765,3807840.654688
476812.151293,3807838.407857
476811.753788,3807836.022827
476811.600250,3807835.101602
476811.525063,3807834.650476
476811.506266,3807834.537694
476811.500000,3807834.500100
476809.848236,3807832.573042
476808.341428,3807830.815100
476807.332473,3807829.637985
476806.567888,3807828.745969
476805.500000,3807827.500100
END
17
476472.146871,3807254.560900
476462.500000,3807264.500100
476460.500000,3807264.500100
476453.683530,3807270.267883
476451.385727,3807270.559009
476451.026217,3807272.516378
476449.263108,3807274.008239
476448.338555,3807273.899118
476447.500000,3807275.500100
476446.749008,3807275.500100
476443.500000,3807275.500100
476443.721582,3807278.549306
476439.750000,3807278.500100
476438.500000,3807279.500100
476438.010486,3807282.499960
476431.164050,3807280.967290
476428.500000,3807281.500100
476426.500000,3807283.500105
476424.500000,3807285.500100
476419.550002,3807285.500100
476415.097738,3807285.500100
476411.500000,3807285.500105
476407.500000,3807285.500100
476402.018828,3807287.849174
476400.500000,3807288.500100
476396.924463,3807291.360530
476395.500000,3807292.500100
476393.500000,3807296.500100
476390.260022,3807298.120089
476389.500000,3807298.500100
476387.164388,3807301.419615
476385.440721,3807303.574198
476381.500000,3807308.500100
476378.591581,3807310.162054
476368.939681,3807315.677425
476362.330712,3807319.453979
476360.500000,3807320.500100
476356.500000,3807325.500100
476352.500000,3807326.500100
476347.610702,3807331.101792
476339.567265,3807338.672085
476336.790029,3807341.285955
476336.093802,3807341.941227
476335.500000,3807342.500100
476333.559407,3807346.624046
476327.500000,3807344.500100
476325.598826,3807346.401274
476325.088919,3807346.911181
476323.697651,3807348.302449
476319.500000,3807352.500100
476315.500000,3807354.500100
476311.500000,3807353.500100
476307.877708,3807355.475896
476306.036166,3807356.480373
476303.843328,3807357.676467
476300.500000,3807359.500100
476300.500000,3807359.500105
476299.257277,3807360.825673
476298.014554,3807362.151242
476296.607637,3807361.940634
476293.571162,3807365.274803
476294.120358,3807366.305051
476293.392193,3807367.081761
476291.825924,3807368.752448
476290.259654,3807370.423136
476289.231100,3807371.520260
476288.787068,3807371.993894
476288.343036,3807372.467528
476287.526596,3807373.338398
476287.086408,3807373.807931
476286.513967,3807374.418535
476285.903719,3807375.069466
END
18
476673.610013,3807488.130096
476672.500000,3807488.500100
476670.700002,3807490.300098
476668.813104,3807492.186996
476666.500000,3807494.500100
476663.500000,3807494.500100
476662.365849,3807495.407421
476660.741542,3807496.706866
476659.163482,3807497.969315
476658.500000,3807498.500100
476657.500000,3807498.500105
476656.500000,3807498.500105
476654.500000,3807498.500105
476653.500000,3807498.500105
476651.500000,3807498.500105
476648.500000,3807498.500105
476647.500000,3807498.500100
476643.276922,3807501.315486
476642.412094,3807501.892037
476641.500000,3807502.500100
476638.500000,3807502.500100
476637.695286,3807503.419773
476636.844842,3807504.391709
476635.197383,3807506.274519
476634.525445,3807507.042449
476632.694138,3807509.135371
476631.500000,3807510.500100
476628.821600,3807512.508900
476627.748589,3807513.313658
476623.471498,3807516.521476
476622.463232,3807517.277676
476620.747404,3807518.564547
476619.500000,3807519.500100
476616.758463,3807519.652408
476615.109470,3807519.744018
476613.202385,3807519.849968
476610.355214,3807520.008144
476606.561168,3807520.218924
476603.920157,3807520.365647
476601.500000,3807520.500100
476600.095999,3807522.372101
476599.390541,3807523.312712
476598.225230,3807524.866460
476597.055011,3807526.426752
476595.500000,3807528.500100
476591.086618,3807530.391549
476590.399954,3807530.685834
476588.500000,3807531.500105
476586.110343,3807532.524242
476583.875519,3807533.482022
476583.289624,3807533.733119
476581.500000,3807534.500100
476579.784705,3807536.501278
476578.908566,3807537.523440
476577.177098,3807539.543485
476575.500000,3807541.500100
476571.568962,3807543.072515
476569.881085,3807543.747666
476566.791456,3807544.983518
476565.500000,3807545.500100
476562.500000,3807544.500100
END
19
476883.999998,3807661.000102
476883.500000,3807661.500100
476881.339995,3807662.220102
476880.500000,3807662.500100
476878.423078,3807661.115485
476877.500000,3807660.500100
476875.085362,3807662.431810
476874.333536,3807663.033271
476873.632020,3807663.594484
476872.500000,3807664.500100
476869.500000,3807664.500105
476866.500000,3807664.500100
476863.780220,3807662.027573
476859.702232,3807658.320311
476857.351854,3807656.183604
476855.500000,3807654.500100
476853.339998,3807653.420099
476850.844000,3807652.172100
476849.500000,3807651.500100
476845.500000,3807651.500100
476844.154942,3807652.307135
476840.500000,3807654.500100
476836.675000,3807654.500100
476832.828393,3807654.500100
476829.088984,3807654.500100
476827.075826,3807654.500100
476826.500000,3807654.500100
476821.977505,3807652.992602
476820.500000,3807652.500100
476818.601365,3807653.363116
476817.920448,3807653.672624
476816.450762,3807654.340662
476813.084914,3807655.870594
476810.592524,3807657.003498
476809.500000,3807657.500100
476808.288455,3807657.257791
476804.341914,3807656.468483
476800.698077,3807655.739715
476799.167519,3807655.433604
476797.246061,3807655.049312
476794.500000,3807654.500100
476791.701221,3807656.739123
476790.763848,3807657.489022
476789.500000,3807658.500100
476786.800002,3807658.500100
476785.500000,3807658.500100
476783.950821,3807660.359115
476783.348720,3807661.081636
476782.241573,3807662.410212
476781.395093,3807663.425989
476780.500000,3807664.500100
476779.500000,3807664.500105
476776.500000,3807664.500100
476771.879379,3807662.446491
476770.180125,3807661.691267
476769.352020,3807661.323220
476767.500000,3807660.500100
476765.500000,3807660.500105
476763.500000,3807660.500100
476761.250000,3807662.750100
476760.500000,3807663.500100
476754.707838,3807664.224120
476752.500000,3807664.500100
476749.661540,3807662.878123
476748.046110,3807661.955020
476746.136528,3807660.863830
476745.500000,3807660.500100
476744.807693,3807659.461639
476742.533013,3807656.049620
476741.500000,3807654.500100
476739.011759,3807653.878040
476737.500000,3807653.500105
476734.747059,3807652.811866
476733.500000,3807652.500100
476730.500000,3807653.250100
476729.500000,3807653.500100
476727.007692,3807651.838561
476724.376923,3807650.084715
476723.500000,3807649.500100
476720.199996,3807649.500100
476717.500000,3807649.500100
476714.516856,3807644.727070
476713.641092,3807643.325847
476712.500000,3807641.500100
476711.415068,3807641.006949
476706.818225,3807638.917475
476705.573902,3807638.351874
476702.573601,3807636.988100
476701.500000,3807636.500100
476700.475867,3807635.589760
476699.290708,3807634.536285
476696.020311,3807631.629266
476695.285854,3807630.976415
476693.008155,3807628.951793
476692.500000,3807628.500105
476689.613794,3807625.934587
476688.849118,3807625.254874
476687.499595,3807624.055297
476685.750380,3807622.500439
476684.844515,3807621.695225
476683.500000,3807620.500100
476679.746340,3807620.083027
476677.652238,3807619.850349
476676.481869,3807619.720308
476674.995467,3807619.555152
476674.500000,3807619.500100
476672.838464,3807618.392409
476671.273825,3807617.349317
476670.192643,3807616.628528
476668.500000,3807615.500100
476666.880013,3807616.040096
476665.500000,3807616.500100
476663.916001,3807615.312100
476662.616899,3807614.337774
476661.500000,3807613.500100
END
20
476805.500000,3807827.500100
476803.594121,3807827.023630
476802.464253,3807826.741163
476801.741063,3807826.560366
476801.500000,3807826.500100
476799.949231,3807823.786254
476799.276840,3807822.609570
476797.500000,3807819.500100
476795.250000,3807817.250100
476794.500000,3807816.500100
476792.500000,3807816.500100
476790.880001,3807814.340102
476788.643259,3807811.357779
476787.434716,3807809.746388
476786.500000,3807808.500100
476786.500000,3807806.400102
476786.500000,3807804.500105
476786.500000,3807801.800105
476786.500000,3807801.500105
476786.500000,3807799.500100
476785.253847,3807797.630871
476784.027110,3807795.790765
476783.158693,3807794.488139
476781.164673,3807791.497110
476780.666168,3807790.749352
476780.500000,3807790.500100
476780.338001,3807789.366104
476779.953919,3807786.677533
476779.775978,3807785.431947
476779.631857,3807784.423100
476779.500000,3807783.500100
476777.988000,3807781.484101
476776.500000,3807779.500100
476775.500000,3807779.500105
476773.500000,3807779.500100
476771.185716,3807777.185816
476769.912324,3807775.912424
476768.853081,3807774.853181
476768.500000,3807774.500100
476767.000000,3807771.500100
476766.500000,3807770.500100
476767.500000,3807769.500100
476766.875676,3807765.754157
476766.684349,3807764.606194
476766.500000,3807763.500100
476764.500000,3807761.500105
476763.750000,3807760.750101
476763.500000,3807760.500100
476761.500000,3807760.500105
476760.500000,3807760.500100
476759.890771,3807759.433949
476758.416267,3807756.853567
476757.469360,3807755.196480
476756.500000,3807753.500100
476754.340005,3807752.780102
476752.038037,3807752.012779
476750.500000,3807751.500100
476748.250002,3807749.250102
476747.500000,3807748.500105
476746.600001,3807747.600104
476745.500000,3807746.500100
476744.413792,3807746.065617
476742.729794,3807745.392018
476741.982757,3807745.093203
476740.500000,3807744.500100
476739.500000,3807742.500105
476738.750000,3807741.000101
476738.500000,3807740.500105
476738.500000,3807740.500100
END
21
476661.500000,3807613.500100
476660.500000,3807613.500105
476657.799999,3807613.500102
476655.325000,3807613.500101
476654.500000,3807613.500100
476652.555018,3807612.722107
476650.312717,3807611.825187
476649.500000,3807611.500100
476648.420000,3807612.040100
476647.500000,3807612.500105
476645.699998,3807613.400104
476644.470000,3807614.015103
476643.500000,3807614.500105
476641.500000,3807615.500100
476640.149994,3807615.050098
476637.260997,3807614.087099
476635.940249,3807613.646850
END
22
476738.500000,3807740.500100
476737.461539,3807739.807793
476736.081870,3807738.888013
476734.444607,3807737.796504
476732.935643,3807736.790529
476730.791195,3807735.360897
476728.243335,3807733.662323
476726.500000,3807732.500100
476726.500000,3807730.250103
476726.500000,3807727.175100
476726.500000,3807725.500100
476725.388242,3807724.547164
476722.635638,3807722.187790
476720.747007,3807720.568963
476720.160722,3807720.066433
476717.579621,3807717.854061
476716.790929,3807717.178039
476715.259133,3807715.865071
476713.744231,3807714.566584
476713.264296,3807714.155211
476712.691074,3807713.663878
476712.500000,3807713.500100
476710.450493,3807713.705051
476708.402666,3807713.909833
476706.390528,3807714.111047
476704.467021,3807714.303398
476702.991755,3807714.450924
476702.500000,3807714.500100
476702.031945,3807715.436211
476701.500000,3807716.500100
476699.880002,3807715.960101
476698.500000,3807715.500100
476697.629923,3807715.674115
476695.294940,3807716.141112
476693.500000,3807716.500100
476690.980002,3807715.240101
476689.500000,3807714.500100
476688.669231,3807713.253947
476687.727127,3807711.840790
476687.500000,3807711.500100
476687.794163,3807706.793489
476687.961054,3807704.123243
476688.088856,3807702.078409
476688.230232,3807699.816391
476688.297814,3807698.735076
476688.438875,3807696.478099
476688.500000,3807695.500100
476687.970589,3807693.382456
476687.215481,3807690.362023
476686.775224,3807688.600995
476686.500000,3807687.500100
476684.461066,3807685.716033
476682.217293,3807683.752732
476681.525075,3807683.147041
476678.500000,3807680.500100
476676.602701,3807680.183884
476673.920583,3807679.736864
476672.500000,3807679.500100
476670.556002,3807676.908102
476670.082075,3807676.276199
476669.500000,3807675.500100
476669.500000,3807673.500105
476669.500000,3807672.500100
476670.500000,3807671.500105
476672.299998,3807669.700104
476673.500000,3807668.500100
476675.029436,3807664.676509
476675.500000,3807663.500100
END
23
476675.500000,3807663.500100
476674.755173,3807661.762171
476674.215683,3807660.503361
476673.050309,3807657.784154
476672.637577,3807656.821114
476672.500000,3807656.500100
476670.500000,3807654.500105
476669.150000,3807653.150104
476667.500000,3807651.500105
476665.700000,3807649.700104
476663.870001,3807647.870104
476662.066680,3807646.066783
476660.762568,3807644.762671
476659.191092,3807643.191194
476658.500000,3807642.500105
476655.500000,3807639.500105
476652.500000,3807636.500105
476651.500000,3807635.500100
476648.706607,3807634.701988
476646.944867,3807634.198634
476645.111217,3807633.674733
476644.500000,3807633.500100
476643.113402,3807634.886698
476641.500000,3807636.500100
476640.500000,3807636.500105
476639.500000,3807636.500100
476636.588240,3807634.753044
476635.332613,3807633.999668
476634.500000,3807633.500100
476633.500000,3807634.500100
476630.500000,3807633.500100
476628.399997,3807631.400097
476626.974999,3807629.975099
476626.500000,3807629.500100
476628.447539,3807627.877151
476629.606052,3807626.911723
476630.938745,3807625.801146
476632.500000,3807624.500100
476631.500000,3807622.500100
476632.849998,3807621.150102
476634.087499,3807619.912601
476634.500000,3807619.500100
476634.791892,3807617.748749
476635.125293,3807615.748341
476635.940249,3807613.646850
END
24
476635.940249,3807613.646850
476635.500000,3807613.500100
476633.831707,3807611.414733
476632.209630,3807609.387137
476631.500000,3807608.500100
476628.862063,3807607.444925
476626.500000,3807606.500100
476623.566016,3807606.060002
476620.038771,3807605.530916
476618.104747,3807605.240812
476616.682017,3807605.027403
476612.794863,3807604.444330
476610.725132,3807604.133870
476608.277852,3807603.766778
476606.500000,3807603.500100
476604.932128,3807602.074762
476602.084728,3807599.486216
476600.540635,3807598.082495
476597.757117,3807595.552025
476596.064279,3807594.013081
476595.500000,3807593.500100
476596.500000,3807592.500100
476594.831708,3807590.414735
476593.082927,3807588.228759
476592.500000,3807587.500100
476590.632948,3807586.651440
476589.244144,3807586.020165
476587.441353,3807585.200715
476584.481493,3807583.855324
476583.064863,3807583.211401
476581.909941,3807582.686437
476581.500000,3807582.500100
476578.800004,3807582.500100
476576.500000,3807582.500105
476573.800001,3807582.500102
476571.500000,3807582.500100
476569.007696,3807580.838564
476566.736370,3807579.324347
476565.500000,3807578.500100
476564.095123,3807576.744004
476563.116893,3807575.521216
476561.500000,3807573.500100
476561.750819,3807570.741087
476562.193535,3807565.871210
476562.362944,3807564.007712
476562.465736,3807562.877003
476562.500000,3807562.500100
476564.569999,3807558.360102
476565.303362,3807556.893377
476565.500000,3807556.500100
476565.500000,3807554.500105
476565.500000,3807549.500100
476564.500000,3807548.500105
476562.500000,3807546.500100
476562.500000,3807544.500100
END
25
476562.500000,3807544.500100
476561.649724,3807543.555349
476557.892755,3807539.380939
476555.978265,3807537.253728
476554.747279,3807535.885966
476553.500000,3807534.500100
476552.500000,3807535.500100
476551.086331,3807535.197171
476546.424851,3807534.198282
476541.130699,3807533.063821
476538.500000,3807532.500100
476536.500000,3807534.500100
476533.758458,3807534.347792
476529.420294,3807534.106783
476526.579618,3807533.948968
476523.748544,3807533.791686
476521.501171,3807533.666832
476519.250293,3807533.541783
476518.500000,3807533.500100
476515.059233,3807531.533948
476513.908252,3807530.876244
476513.099934,3807530.414348
476511.500000,3807529.500100
476508.799998,3807529.500100
476507.500000,3807529.500100
476505.500000,3807527.500100
476502.500000,3807528.500100
476501.060003,3807527.780102
476498.500000,3807526.500105
476496.699999,3807525.600102
476494.500000,3807524.500100
476491.749747,3807524.696547
476489.966972,3807524.823888
476487.596792,3807524.993186
476484.815399,3807525.191857
476482.982069,3807525.322809
476481.608132,3807525.420948
476480.961534,3807525.467133
476480.500000,3807525.500100
476478.423075,3807525.084715
476476.527004,3807524.705501
476475.500000,3807524.500100
476474.526229,3807523.688624
476472.681249,3807522.151141
476470.892848,3807520.660807
476469.500000,3807519.500100
476469.500000,3807516.500105
476469.500000,3807513.542962
476469.500000,3807510.508616
476469.500000,3807509.500100
476468.095999,3807507.628098
476466.844647,3807505.959629
476465.729972,3807504.473396
476464.518181,3807502.857674
476463.500000,3807501.500100
END
26
476463.500000,3807501.500100
476461.879993,3807500.960098
476459.464081,3807500.154794
476457.500000,3807499.500100
476453.794616,3807496.412280
476452.073654,3807494.978145
476451.500000,3807494.500100
476447.951924,3807493.790485
476446.500000,3807493.500100
476443.988782,3807490.361077
476440.554536,3807486.068270
476439.434720,3807484.668500
476438.500000,3807483.500100
476436.500000,3807481.500105
476434.500000,3807479.500100
476432.482747,3807478.693199
476429.500000,3807477.500100
476427.500000,3807474.500100
476427.822017,3807473.426709
476428.243290,3807472.022466
476428.997981,3807469.506830
476429.915663,3807466.447891
476430.353916,3807464.987048
476430.500000,3807464.500100
476429.500000,3807461.500100
476429.791892,3807459.748749
476430.066851,3807458.098994
476430.391713,3807456.149823
476430.750000,3807455.750100
END
27
476430.750000,3807455.750100
476430.500000,3807455.500100
476429.010346,3807452.024241
476427.877587,3807449.381135
476427.500000,3807448.500100
476428.241176,3807445.535396
476428.500000,3807444.500100
476425.641180,3807442.784808
476424.904208,3807442.342625
476423.492612,3807441.495667
476420.700504,3807439.820402
476419.603958,3807439.162475
476418.500000,3807438.500100
476416.700000,3807438.500100
476414.300000,3807438.500100
476413.500000,3807438.500100
476411.831707,3807436.414733
476410.485089,3807434.731461
476409.746272,3807433.807940
476409.500000,3807433.500100
476408.500000,3807433.500105
476407.500000,3807433.500100
476406.600000,3807431.700100
476405.775000,3807430.050100
476405.500000,3807429.500100
476403.500000,3807430.500100
476401.521926,3807427.203311
476400.755482,3807425.925903
476400.500000,3807425.500100
476399.441174,3807425.235393
476397.822686,3807424.830772
476396.500000,3807424.500105
476394.382352,3807423.970690
476393.408237,3807423.727160
476392.500000,3807423.500100
476392.080000,3807420.140103
476391.794066,3807417.852628
476391.500000,3807415.500100
476390.500000,3807413.500105
476389.750000,3807412.000101
476389.500000,3807411.500100
476387.853660,3807410.183028
476386.231918,3807408.885634
476384.853400,3807407.782820
476384.500000,3807407.500100
476380.775867,3807407.810444
476375.487829,3807408.251114
476374.020697,3807408.373375
476372.500000,3807408.500100
476370.640984,3807406.950920
476369.032203,3807405.610269
476367.666097,3807404.471848
476366.500000,3807403.500100
476364.835851,3807403.024629
476363.557316,3807402.659333
476362.429886,3807402.337210
476359.500000,3807401.500100
476358.204006,3807400.528105
476356.099983,3807398.950087
476355.500000,3807398.500100
476352.440003,3807398.500100
476351.500000,3807398.500100
476349.735293,3807399.558924
476348.323576,3807400.405954
476346.500000,3807401.500100
476343.800004,3807401.500100
476342.500000,3807401.500105
476337.500000,3807401.500100
476335.286883,3807399.655836
476333.892978,3807398.494248
476331.500000,3807396.500100
476330.817242,3807394.793205
476329.779150,3807392.197975
476329.569788,3807391.674569
476329.500000,3807391.500100
476326.176925,3807389.284717
476324.847691,3807388.398560
476323.500000,3807387.500100
476320.747059,3807386.811865
476318.654025,3807386.288606
476317.484232,3807385.996158
476316.110623,3807385.652756
476315.500000,3807385.500100
476313.976922,3807387.784717
476312.967047,3807389.299530
476311.500000,3807391.500100
476310.155985,3807391.308098
476306.870654,3807390.838765
476304.500000,3807390.500100
476303.388242,3807389.547164
476300.710095,3807387.251610
476297.500000,3807384.500100
476295.500000,3807384.500100
476295.500000,3807382.500100
476294.000002,3807381.000102
476291.500000,3807378.500100
476288.980002,3807377.240101
476287.422998,3807376.461599
476285.903719,3807375.069466
END
28
476285.903719,3807375.069466
476285.500000,3807375.500100
476284.500000,3807375.500105
476283.500000,3807375.500102
476282.556404,3807375.500100
476282.500000,3807375.500100
476281.000002,3807374.000102
END
29
476281.000002,3807374.000102
476279.875000,3807372.875100
476279.500000,3807372.500100
476278.500000,3807373.500100
476276.520000,3807372.510100
476274.500000,3807371.500100
476273.500000,3807371.500105
476269.900002,3807371.500101
476268.500000,3807371.500100
476264.182323,3807369.649667
476261.500000,3807368.500100
476259.893840,3807365.689320
476258.016156,3807362.403373
476257.500000,3807361.500100
476257.214633,3807358.931792
476256.786382,3807355.077542
476256.504210,3807352.537992
476256.222038,3807349.998442
476256.500000,3807349.000000
END
END
