ID	X	Y	Width	EdgL	Slp
33507	476280.210838	3807377.135184	0.001463	1.817255	-0.068235
33508	476968.500000	3807730.500100	0.002924	1.871198	0.509834
33509	477039.500000	3807675.500100	0.029893	15.556349	0.113523
33510	476466.500000	3807499.500100	0.033237	1.427279	0.395157
33511	477053.500000	3807644.500100	0.054390	7.823220	0.120794
33512	476460.185665	3807258.189702	0.087704	8.751022	-0.311849
33513	477242.500000	3808207.500100	0.155304	8.246211	0.006548
33514	476432.500000	3807455.500100	0.126430	0.653650	0.846018
33515	476738.500000	3807622.500100	0.120718	2.012480	0.228574
33516	476688.500000	3807242.500100	0.214101	1.697841	0.086581
33517	477269.500000	3808203.500100	0.215296	4.472136	0.009391
33518	476769.500000	3807473.500100	0.182235	2.000387	0.333935
33519	476808.500000	3807827.500100	0.171538	1.000000	0.181000
33520	476743.500000	3807441.500100	0.210921	1.757138	0.358537
33521	476904.500000	3807772.500100	0.256654	3.605551	0.101787
33522	476741.784704	3807441.881277	0.210949	3.975162	0.358727
33523	476465.787933	3807251.466981	0.088871	7.071664	-0.059392
33524	476281.701623	3807376.095964	0.002728	2.210183	0.851513
33525	476966.635836	3807730.662201	0.003317	1.071001	0.509803
33526	476687.044113	3807241.626568	0.214584	4.133111	0.086860
33527	476902.500000	3807769.500100	0.257588	4.000000	0.209750
33528	476465.861701	3807500.776698	0.033400	0.808789	0.395653
33529	477047.428289	3807639.566835	0.058516	12.792308	0.120698
33530	477240.500000	3808199.500100	0.156533	6.403124	0.008590
33531	476432.037799	3807455.962301	0.126450	0.760563	0.845426
33532	477028.500000	3807664.500100	0.203060	2.236068	0.043380
33533	477265.500000	3808201.500100	0.215679	6.082763	0.003452
33534	476807.500000	3807827.500105	0.171561	2.000000	0.401000
33535	476767.538459	3807473.892408	0.192109	1.940216	0.333468
33536	476736.699983	3807621.600092	0.209791	1.650216	0.229061
33537	477259.500000	3808202.500100	0.217440	4.472136	0.021243
33538	477236.500000	3808194.500100	0.157471	2.236068	0.021913
33539	477037.500000	3807631.500100	0.060424	1.414214	0.025456
33540	476765.635920	3807474.272916	0.192121	1.163641	0.333436
33541	476737.904202	3807442.743611	0.211132	1.959234	0.358814
33542	476465.500000	3807501.500100	0.033995	2.000000	0.160000
33543	476965.568861	3807730.754982	0.124780	3.242340	0.509817
33544	476431.500000	3807456.500100	0.126689	1.060660	0.050912
33545	477026.500000	3807665.500100	0.203693	8.260869	0.113305
33546	476683.500000	3807239.500100	0.215094	2.000000	-0.000000
33547	476898.500000	3807769.500100	0.258640	4.490671	0.220902
33548	476735.223985	3807620.862093	0.212221	0.809438	-0.196433
33549	476894.372422	3807767.731138	0.258727	1.891864	0.220946
33550	477036.500000	3807632.500100	0.060847	2.236068	0.169494
33551	476683.500000	3807237.500100	0.215354	2.704163	0.049923
33552	476962.338711	3807731.035864	0.124855	2.418808	0.509755
33553	476735.991623	3807443.168628	0.211164	1.528009	0.358637
33554	477020.283063	3807660.060280	0.204737	2.369277	0.113537
33555	477257.500000	3808198.500100	0.235659	7.810250	0.005378
33556	476764.494876	3807474.501125	0.192707	2.996296	0.333745
33557	476734.500000	3807620.500105	0.212243	2.236068	0.401598
33558	477018.500000	3807658.500100	0.205172	5.711830	0.073006
33559	476681.250000	3807236.000100	0.215387	0.901388	0.049923
33560	476734.500000	3807443.500100	0.212834	3.395678	0.357513
33561	477034.500000	3807631.500100	0.062789	7.810250	0.109472
33562	476959.928996	3807731.245405	0.127727	3.094053	0.509687
33563	477251.500000	3808193.500100	0.236682	4.123106	0.016735
33564	476761.556767	3807475.088747	0.193215	2.773778	0.333841
33565	476892.633524	3807766.985896	0.258788	1.233237	0.220558
33566	476732.500000	3807619.500105	0.212782	3.300436	0.219365
33567	476956.846576	3807731.513441	0.127790	0.533145	0.510181
33568	476729.548002	3807618.024102	0.213130	1.171702	0.219339
33569	476680.500000	3807235.500100	0.217128	1.414214	0.010607
33570	477029.500000	3807625.500100	0.065820	3.950670	0.091630
33571	477013.250000	3807660.750100	0.205502	1.903943	0.073006
33572	477247.500000	3808192.500100	0.237261	4.123106	0.000000
33573	476758.836853	3807475.632729	0.196753	2.597657	0.333762
33574	476731.588230	3807445.247162	0.216222	1.225037	0.357540
33575	476891.500000	3807766.500100	0.259036	1.414214	0.335876
33576	477025.643407	3807624.643079	0.066689	5.268874	0.091670
33577	476756.289641	3807476.142172	0.196776	1.825083	0.333684
33578	476956.315435	3807731.559627	0.127806	1.817511	0.509488
33579	477011.500000	3807661.500100	0.205813	3.162278	0.147678
33580	477243.500000	3808193.500100	0.237666	6.082763	0.007069
33581	476679.500000	3807236.500100	0.217387	5.099020	0.051971
33582	476730.537769	3807445.877438	0.216276	1.210237	0.357781
33583	476890.500000	3807767.500100	0.259130	6.068130	0.189350
33584	476728.500000	3807617.500100	0.213888	2.699998	0.167778
33585	476954.504757	3807731.717078	0.127847	2.819846	0.509957
33586	477020.500000	3807623.500100	0.067275	8.480220	0.125351
33587	476674.500000	3807235.500100	0.217763	4.242641	0.062697
33588	477008.500000	3807660.500100	0.206026	4.872976	0.170122
33589	476754.500000	3807476.500100	0.203331	3.935582	0.232748
33590	476729.500000	3807446.500100	0.216346	1.341099	0.308702
33591	476885.562159	3807763.973071	0.259272	2.534195	0.189409
33592	476725.800002	3807617.500100	0.214898	2.554614	0.167931
33593	476728.577666	3807447.473674	0.216365	0.962480	0.308578
33594	477003.676000	3807661.189243	0.206406	2.198092	0.170148
33595	477014.161804	3807617.866148	0.069206	3.561374	0.125513
33596	476951.695511	3807731.961360	0.128917	3.129712	0.509632
33597	476671.500000	3807238.500100	0.218332	5.830952	0.062425
33598	476751.426827	3807478.958638	0.203393	2.467542	0.233025
33599	476883.500000	3807762.500100	0.259391	3.891362	0.322766
33600	476723.245388	3807617.500100	0.214933	0.745388	0.167698
33601	476727.915726	3807448.172389	0.216404	4.279973	0.308647
33602	476948.577565	3807732.232486	0.128983	1.911131	0.510169
33603	477001.500000	3807661.500100	0.206623	6.082763	0.225227
33604	476666.500000	3807235.500100	0.220390	2.236068	0.106437
33605	477011.500000	3807615.500100	0.107651	8.062258	0.117461
33606	476749.500000	3807480.500100	0.203553	1.909187	0.394933
33607	476879.617257	3807762.241251	0.259440	2.413392	0.322782
33608	476722.500000	3807617.500100	0.214987	3.605551	0.171680
33609	476946.673619	3807732.398046	0.129004	0.566885	0.508040
33610	476877.209210	3807762.080714	0.259470	3.399499	0.322695
33611	477237.500000	3808192.500100	0.292494	6.082763	0.014960
33612	476995.500000	3807660.500100	0.206882	3.419998	0.174854
33613	476665.500000	3807237.500100	0.220447	4.123106	0.036623
33614	476724.972198	3807451.279447	0.217955	1.245015	0.308430
33615	477003.500000	3807614.500100	0.108221	5.031153	0.092822
33616	476747.610002	3807480.770100	0.233929	1.752946	0.395334
33617	476719.500000	3807615.500100	0.216135	2.100001	0.222381
33618	476724.115945	3807452.183269	0.217967	0.964476	0.307939
33619	476873.817240	3807761.854583	0.259492	0.915186	0.322339
33620	476946.108866	3807732.447155	0.129017	0.611163	0.510502
33621	476992.764001	3807658.448101	0.206919	1.580002	0.174683
33622	476999.000000	3807612.250100	0.108387	1.677051	0.093020
33623	476661.500000	3807238.500100	0.220912	5.293333	0.077078
33624	477236.500000	3808186.500100	0.313597	9.433981	0.000000
33625	476745.874674	3807481.018004	0.234039	0.922986	0.395456
33626	476717.399999	3807615.500100	0.216150	0.899999	0.371112
33627	476723.452632	3807452.883433	0.217978	2.195195	0.308856
33628	476872.904081	3807761.793705	0.260587	2.362335	0.322986
33629	476991.500000	3807657.500100	0.208006	5.000000	0.275800
33630	476997.500000	3807611.500100	0.110353	3.605551	0.008043
33631	476656.364713	3807237.216278	0.222131	2.952878	0.077213
33632	476945.500000	3807732.500100	0.190422	2.879995	0.290973
33633	477228.500000	3808181.500100	0.314020	3.000000	0.005000
33634	476744.960964	3807481.148534	0.234088	1.564754	0.394950
33635	476716.500000	3807615.500105	0.216749	4.123106	0.207125
33636	476986.500000	3807657.500105	0.208611	5.000000	0.157000
33637	476994.500000	3807613.500100	0.110496	3.181982	0.159963
33638	476653.500000	3807236.500100	0.222401	3.162278	0.092022
33639	476943.196004	3807730.772103	0.190486	5.340004	0.291198
33640	476721.942899	3807454.477040	0.220168	4.115173	0.308371
33641	477225.500000	3808181.500100	0.314953	4.000000	-0.000000
33642	476870.546978	3807761.636565	0.261995	2.051522	0.322687
33643	476743.411937	3807481.369823	0.234118	2.081921	0.395308
33644	476712.500000	3807616.500105	0.218410	1.414214	0.109602
33645	476719.112710	3807457.464461	0.220217	1.232692	0.309080
33646	476711.500000	3807615.500105	0.218827	2.700001	0.214074
33647	476981.500000	3807657.500100	0.208880	3.605551	0.108167
33648	476992.249999	3807611.250099	0.110575	1.060655	0.372411
33649	476650.500000	3807237.500100	0.222593	4.617628	0.027070
33650	476938.924001	3807727.568101	0.191572	1.780001	0.291011
33651	477225.500000	3808177.500100	0.316902	16.970563	0.006364
33652	476741.350940	3807481.664251	0.234682	2.075701	0.395047
33653	476868.500000	3807761.500100	0.262295	2.828427	0.018385
33654	476708.799999	3807615.500102	0.218848	1.299999	0.213846
33655	476718.264933	3807458.359337	0.220247	2.617490	0.308311
33656	476937.500000	3807726.500100	0.191654	5.731629	0.327307
33657	476979.500000	3807654.500100	0.209610	10.198039	0.185330
33658	476991.500000	3807610.500105	0.112708	1.414217	0.000000
33659	476647.729423	3807241.194203	0.222731	0.382372	0.261526
33660	477213.500000	3808165.500100	0.319766	5.656854	0.006010
33661	476866.500000	3807759.500100	0.262395	2.879212	0.246943
33662	476739.296101	3807481.957800	0.236932	2.597586	0.394982
33663	476716.464768	3807460.259511	0.220275	2.041332	0.308622
33664	476707.500000	3807615.500100	0.219124	2.817443	0.267973
33665	476969.500000	3807652.500100	0.211424	4.275002	0.336608
33666	476990.500000	3807609.500100	0.115308	12.000000	0.140667
33667	476647.500000	3807241.500100	0.222821	4.000000	0.077000
33668	476931.904858	3807725.256735	0.206875	3.487915	0.327130
33669	476863.804110	3807760.511059	0.262477	1.382016	0.246741
33670	477209.500000	3808161.500100	0.328399	5.656854	0.027931
33671	476736.724622	3807482.325154	0.237067	1.237055	0.395294
33672	476715.060853	3807461.741422	0.220299	2.826832	0.308826
33673	476862.510088	3807760.996317	0.262518	3.212082	0.246880
33674	476643.500000	3807241.500100	0.222922	1.609975	0.065840
33675	476965.224998	3807652.500100	0.211601	3.724998	0.336376
33676	476978.500000	3807609.500100	0.121031	3.567948	0.189184
33677	476928.500000	3807724.500100	0.207417	4.781360	0.165852
33678	477205.500000	3808157.500100	0.330958	5.711830	0.025036
33679	476735.500000	3807482.500100	0.237110	1.272802	0.241200
33680	476704.980002	3807614.240101	0.220422	1.654693	0.268328
33681	476642.059994	3807242.220103	0.223225	1.609975	0.065218
33682	477203.250000	3808152.250100	0.331074	1.903943	0.025211
33683	476734.239990	3807482.320099	0.237133	2.887102	0.241419
33684	476859.502522	3807762.124154	0.262555	1.070694	0.246569
33685	476713.116714	3807463.793568	0.223381	2.350748	0.308412
33686	476961.500000	3807652.500100	0.211979	3.622435	0.397247
33687	476975.026898	3807608.682900	0.121999	3.855956	0.189058
33688	476926.988001	3807719.964103	0.207481	1.543195	0.165890
33689	476703.500000	3807613.500100	0.220616	2.603246	0.217805
33690	476958.259996	3807654.120102	0.212069	5.321837	0.397043
33691	476971.273444	3807607.799734	0.122439	5.797253	0.189055
33692	476858.500000	3807762.500100	0.294796	1.343322	0.257570
33693	476640.619989	3807242.940106	0.224768	3.488254	0.065649
33694	476926.500000	3807718.500100	0.207796	3.818372	0.138279
33695	476711.500000	3807465.500100	0.226362	2.661923	0.157781
33696	477202.500000	3808150.500100	0.332437	7.810250	0.036362
33697	476731.381905	3807481.911801	0.238366	2.911164	0.241141
33698	476701.748867	3807611.573854	0.220791	1.296035	0.217587
33699	476700.877060	3807610.614866	0.220803	1.711375	0.217369
33700	476637.500000	3807244.500100	0.225444	6.151828	0.056243
33701	477197.500000	3808144.500100	0.334607	2.236068	0.033988
33702	476953.500000	3807656.500100	0.212349	4.500005	0.407111
33703	476965.630299	3807606.471935	0.123462	3.120871	0.189050
33704	476923.800003	3807715.800103	0.208325	1.838482	0.138157
33705	476708.889770	3807466.022146	0.227213	4.976706	0.157735
33706	476728.500000	3807481.500100	0.241766	2.670576	0.246014
33707	476857.163345	3807762.366435	0.295254	4.648105	0.257524
33708	476699.725865	3807609.348551	0.220819	1.543949	0.217624
33709	476948.999995	3807656.500100	0.212636	1.499995	0.407335
33710	476962.592390	3807605.757133	0.123539	1.122222	0.188911
33711	477196.500000	3808142.500100	0.360944	9.257422	0.083393
33712	476633.150001	3807240.150101	0.225933	3.747663	0.062706
33713	476704.009708	3807466.998158	0.228772	2.559411	0.157849
33714	476726.414631	3807479.831804	0.242333	2.799411	0.245766
33715	476852.538307	3807761.903931	0.295291	2.032244	0.257843
33716	476922.500000	3807714.500100	0.364379	8.410815	0.117943
33717	476698.687292	3807608.206121	0.220845	4.443193	0.217861
33718	476961.500000	3807605.500100	0.127082	3.170433	0.292074
33719	476947.500000	3807656.500100	0.213024	7.211103	0.404931
33720	476630.500000	3807237.500105	0.226038	1.414217	0.038891
33721	476701.500000	3807467.500100	0.228867	2.518508	0.225133
33722	476724.228658	3807478.083026	0.242375	0.933137	0.246480
33723	477188.219910	3808138.360055	0.362961	4.158986	0.083434
33724	476850.516149	3807761.701715	0.297102	2.026205	0.257624
33725	476914.186989	3807715.779025	0.364552	3.471262	0.118113
33726	477184.500000	3808136.500100	0.363111	3.354102	0.107928
33727	476958.902680	3807607.318224	0.127134	0.632902	0.292305
33728	476723.500000	3807477.500100	0.244388	3.698979	0.315222
33729	476941.500000	3807660.500100	0.214133	5.000000	0.410200
33730	476629.500000	3807236.500100	0.226381	3.000000	0.035000
33731	476699.404475	3807468.897117	0.228888	1.087044	0.225382
33732	476848.500000	3807761.500100	0.297189	5.168198	0.164661
33733	476910.756091	3807716.306855	0.364883	1.270870	0.118029
33734	476695.698477	3807604.918425	0.253184	0.745624	0.217268
33735	476936.500000	3807660.500100	0.214246	1.980002	0.467171
33736	477183.000000	3808133.500100	0.363147	1.118034	0.108226
33737	476695.196916	3807604.366707	0.253189	1.464055	0.217205
33738	476719.851350	3807478.108208	0.244441	1.441091	0.315039
33739	476958.384187	3807607.681169	0.127479	2.229283	0.292022
33740	476626.500000	3807236.500100	0.226839	5.877025	0.066020
33741	476698.500000	3807469.500100	0.228910	3.687367	0.303197
33742	476843.363412	3807762.070832	0.297265	3.887187	0.164643
33743	476909.500000	3807716.500100	0.364931	2.828427	0.125865
33744	476934.915998	3807661.688101	0.214295	0.900692	0.467418
33745	476694.212086	3807603.283395	0.253243	1.058592	0.218214
33746	476956.557887	3807608.959579	0.128393	2.407243	0.292035
33747	476839.500000	3807762.500100	0.297693	2.828427	0.280721
33748	476620.741138	3807235.327525	0.227806	1.491662	0.067710
33749	476694.844979	3807469.987436	0.229747	2.125551	0.302980
33750	476718.429866	3807478.345122	0.244701	0.942692	0.315055
33751	477182.500000	3808132.500100	0.363330	2.000000	0.241000
33752	476907.500000	3807718.500100	0.365014	4.000000	0.241750
33753	476934.195444	3807662.228517	0.214301	0.849224	0.467486
33754	476954.585796	3807610.340042	0.128488	2.346415	0.291935
33755	476619.500000	3807234.500100	0.228150	5.385165	0.070564
33756	476692.738073	3807470.268357	0.229917	2.039891	0.303448
33757	476717.500000	3807478.500100	0.245240	3.360780	0.258868
33758	477180.500000	3808132.500100	0.363367	2.624608	0.159643
33759	476837.500000	3807760.500100	0.297919	3.064384	0.281623
33760	476903.500000	3807718.500100	0.365088	2.704163	0.187858
33761	476693.500000	3807602.500100	0.263617	1.519703	0.128315
33762	476692.058283	3807602.980672	0.263650	2.996964	0.128463
33763	476690.716076	3807470.537957	0.229945	1.193342	0.303350
33764	476933.516065	3807662.738051	0.214340	1.270082	0.467686
33765	476952.663538	3807611.685623	0.133465	1.420279	0.292196
33766	476614.500000	3807236.500100	0.228357	10.630146	0.035465
33767	476714.637764	3807480.261476	0.245789	2.142653	0.258558
33768	477178.524781	3808130.771783	0.363399	4.825553	0.159774
33769	476834.446201	3807760.245617	0.298001	6.120562	0.281837
33770	476901.250000	3807720.000100	0.365107	0.901388	0.187489
33771	476689.533202	3807470.695673	0.229952	2.054341	0.302773
33772	476606.500000	3807229.500100	0.229280	5.000000	0.031800
33773	476689.215113	3807603.928396	0.263959	2.862772	0.128197
33774	476932.500000	3807663.500100	0.214730	3.517189	0.495282
33775	476951.500000	3807612.500100	0.133707	3.883099	0.412815
33776	476712.812955	3807481.384435	0.246725	2.376426	0.259213
33777	477174.893182	3808127.594134	0.364465	2.384988	0.159749
33778	476828.346781	3807759.737332	0.302064	2.856648	0.281799
33779	476900.500000	3807720.500100	0.377659	1.268393	0.247557
33780	476899.531726	3807719.680791	0.377662	0.730369	0.247820
33781	476686.499248	3807604.833684	0.264201	2.107393	0.128595
33782	476928.990601	3807663.734060	0.214905	4.496803	0.495463
33783	476687.496882	3807470.967182	0.230603	3.024190	0.303222
33784	476947.692308	3807613.261638	0.133759	2.574687	0.413254
33785	476602.500000	3807232.500100	0.230220	5.000000	0.076400
33786	476710.789052	3807482.629914	0.246953	2.502094	0.258583
33787	477173.098295	3808126.023609	0.364537	0.794996	0.159749
33788	476825.500000	3807759.500100	0.302258	4.887402	0.298318
33789	476821.128575	3807757.314387	0.302357	4.683249	0.298297
33790	476684.499220	3807471.366871	0.230640	1.008063	0.303552
33791	477172.500000	3808125.500100	0.364564	2.000000	0.142000
33792	476898.974172	3807719.209015	0.377685	0.867676	0.247788
33793	476924.503757	3807664.033183	0.215109	4.568916	0.495303
33794	476945.167620	3807613.766576	0.134582	1.854280	0.412559
33795	476598.500000	3807229.500100	0.230407	3.186904	0.042361
33796	476708.658124	3807483.941255	0.247234	3.661789	0.258890
33797	476684.500000	3807605.500100	0.264938	3.313471	0.235101
33798	476705.539531	3807485.860389	0.247300	1.220596	0.258890
33799	476898.311800	3807718.648546	0.377688	1.113083	0.247960
33800	476816.939750	3807755.219975	0.302415	1.609689	0.298194
33801	476595.408249	3807230.273038	0.231185	0.936202	0.042726
33802	476919.944961	3807664.337103	0.216714	1.172769	0.495409
33803	476943.349349	3807614.130230	0.134707	3.606202	0.413177
33804	476683.500000	3807471.500100	0.303045	2.837648	0.210033
33805	477170.500000	3808125.500100	0.382064	3.870059	0.143667
33806	476681.202973	3807605.170397	0.265002	1.879468	0.235173
33807	476594.500000	3807230.500100	0.231500	7.071068	0.064064
33808	476815.500000	3807754.500100	0.302604	4.127485	0.221927
33809	476897.462088	3807717.929559	0.377741	3.263621	0.247884
33810	476918.774790	3807664.415114	0.216775	1.277620	0.495453
33811	476939.813177	3807614.837465	0.135466	1.288990	0.412726
33812	476704.500000	3807486.500100	0.248874	2.699998	0.237037
33813	476682.811769	3807474.253023	0.306004	1.285458	0.210042
33814	477167.884906	3808122.647270	0.382437	2.685763	0.143721
33815	476679.332832	3807604.983383	0.265759	1.011355	0.235328
33816	476894.970684	3807715.821448	0.377760	1.802977	0.247923
33817	476917.500000	3807664.500100	0.216925	3.509657	0.413431
33818	476938.549218	3807615.090256	0.136449	2.089801	0.412958
33819	476811.413998	3807755.083814	0.302693	1.725138	0.222591
33820	476589.500000	3807225.500100	0.232840	4.242641	0.047140
33821	476701.800002	3807486.500100	0.248893	1.300002	0.262307
33822	476682.500000	3807475.500100	0.306169	1.398420	0.308920
33823	477166.070070	3808120.667449	0.382596	4.432824	0.143475
33824	476678.326496	3807604.882750	0.268039	2.585048	0.235199
33825	476893.594316	3807714.656829	0.377768	0.563795	0.246544
33826	476586.500000	3807228.500100	0.233297	8.062258	0.074297
33827	476809.706199	3807755.327786	0.302832	1.218445	0.221594
33828	476914.241366	3807665.803554	0.217247	1.875508	0.413755
33829	476936.500000	3807615.500100	0.136543	1.613277	0.431420
33830	476700.500000	3807486.500105	0.249806	1.000000	0.204000
33831	476681.438241	3807476.410179	0.306568	1.468891	0.309077
33832	477163.074702	3808117.399775	0.382649	3.448959	0.143811
33833	476675.754277	3807604.625528	0.268054	0.546947	0.234026
33834	476893.163923	3807714.292650	0.377779	1.924676	0.247834
33835	476680.322976	3807477.366121	0.306645	2.054711	0.308559
33836	476935.260646	3807616.532895	0.137511	2.748596	0.431857
33837	476579.500000	3807224.500100	0.233467	2.236068	0.009391
33838	476808.500000	3807755.500100	0.302860	3.839377	0.186749
33839	476912.500000	3807666.500100	0.217340	3.092329	0.311092
33840	476699.500000	3807486.500100	0.249927	2.545589	0.277343
33841	477160.744155	3808114.857360	0.384380	1.841216	0.143384
33842	476675.210045	3807604.571104	0.268098	0.713586	0.235431
33843	476891.694652	3807713.049421	0.378345	2.113754	0.247900
33844	476804.666534	3807755.287130	0.304248	5.509036	0.186784
33845	476909.500000	3807665.750100	0.217376	1.030776	0.311416
33846	476933.149117	3807618.292503	0.137831	0.957935	0.431136
33847	476578.500000	3807222.500100	0.234410	8.062258	0.066235
33848	476697.699997	3807488.300103	0.249953	3.111269	0.323341
33849	476678.762923	3807478.703309	0.306746	2.061979	0.308927
33850	476674.500000	3807604.500100	0.268238	1.707637	0.169825
33851	477159.500000	3808113.500100	0.405457	4.160807	0.188906
33852	476890.081041	3807711.684058	0.378384	2.535781	0.248050
33853	476908.500000	3807665.500100	0.217598	4.424443	0.398920
33854	476932.413211	3807618.905758	0.137966	2.490442	0.431650
33855	476570.500000	3807223.500100	0.234890	5.385165	0.096562
33856	476695.500000	3807490.500105	0.250600	4.242638	0.243481
33857	476677.197352	3807480.045227	0.307040	2.235544	0.309097
33858	476799.165980	3807754.981543	0.309517	0.933469	0.187473
33859	476673.095994	3807605.472104	0.268304	2.999022	0.169722
33860	477155.604115	3808112.039143	0.405887	2.650511	0.189397
33861	476930.500000	3807620.500100	0.138013	2.846044	0.462045
33862	476565.500000	3807221.500100	0.235405	5.276344	0.094384
33863	476888.145260	3807710.046089	0.378402	0.845260	0.247261
33864	476798.233949	3807754.929764	0.310165	2.568817	0.186856
33865	476904.086800	3807665.815328	0.217657	2.231571	0.398822
33866	476692.500000	3807493.500100	0.259486	2.250000	0.236889
33867	476675.500000	3807481.500100	0.307646	0.376956	0.214879
33868	476670.630222	3807607.179177	0.268412	2.765407	0.169595
33869	477153.122365	3808111.108487	0.406018	1.299515	0.188532
33870	476795.669087	3807754.787272	0.310201	3.906816	0.186853
33871	476927.800006	3807621.400098	0.141049	2.608884	0.461883
33872	476887.500000	3807709.500100	0.383202	3.883099	0.148335
33873	476901.860900	3807665.974321	0.217808	2.801205	0.399114
33874	476690.250000	3807493.500100	0.259502	1.750000	0.236571
33875	476561.025669	3807224.296557	0.236264	1.038601	0.094358
33876	476675.351510	3807481.846577	0.308013	2.884555	0.215284
33877	476668.356526	3807608.753274	0.268802	1.998253	0.169648
33878	477151.905591	3808110.652197	0.406237	0.433172	0.189301
33879	476899.066814	3807666.173899	0.217847	3.433837	0.398679
33880	476925.325001	3807622.225099	0.141408	0.869628	0.462267
33881	476560.144937	3807224.847014	0.236330	3.119036	0.094260
33882	476688.500000	3807493.500100	0.259752	2.828641	0.276458
33883	476674.215228	3807484.497902	0.308170	2.811422	0.214838
33884	476791.768285	3807754.570560	0.318768	1.270241	0.186579
33885	476666.713578	3807609.890700	0.271147	4.497518	0.169649
33886	477151.500000	3808110.500100	0.407119	3.232795	0.125279
33887	476883.692309	3807710.261638	0.384101	1.215921	0.148036
33888	476895.641704	3807666.418550	0.217880	1.144612	0.399262
33889	476924.500000	3807622.500100	0.141436	2.248904	0.397527
33890	476557.500000	3807226.500100	0.236730	4.931568	0.066308
33891	476685.931709	3807492.314735	0.259776	2.469749	0.276141
33892	476673.107755	3807487.082006	0.308536	1.162220	0.016348
33893	476790.500000	3807754.500100	0.318883	2.414963	0.176400
33894	476663.015754	3807612.450732	0.271332	1.223800	0.169962
33895	477148.975611	3808108.480589	0.407301	2.377747	0.125749
33896	476882.500000	3807710.500100	0.384609	3.150004	0.186666
33897	476922.743901	3807623.904979	0.141486	3.371829	0.397707
33898	476683.689278	3807491.279767	0.259951	3.246611	0.276596
33899	476894.500000	3807666.500100	0.218530	2.066995	0.365748
33900	476554.167618	3807222.864774	0.237442	11.347253	0.066183
33901	476788.339992	3807755.580104	0.318940	2.057173	0.175970
33902	476662.009555	3807613.147331	0.271356	0.619752	0.169423
33903	477147.118903	3808106.995222	0.407319	0.792582	0.124908
33904	476879.979997	3807712.390103	0.384779	1.571236	0.187114
33905	476786.500000	3807756.500100	0.319312	2.012454	0.187333
33906	476546.500000	3807214.500100	0.241450	4.242641	0.081553
33907	476892.747192	3807665.404595	0.218659	2.227833	0.366275
33908	477146.500000	3808106.500100	0.409587	3.000000	0.238000
33909	476920.110945	3807626.011344	0.145586	5.430014	0.397789
33910	476680.741487	3807489.919248	0.261565	1.100145	0.276327
33911	476878.723008	3807713.332844	0.384815	0.278762	0.093269
33912	476543.500000	3807217.500100	0.241652	4.000000	0.128000
33913	476890.857994	3807664.223846	0.219997	3.854365	0.365819
33914	476915.870816	3807629.403447	0.145694	1.755501	0.397607
33915	476679.742600	3807489.458223	0.262227	1.834970	0.276299
33916	476784.700007	3807755.600103	0.319463	1.710593	0.187654
33917	476878.500000	3807713.500105	0.384829	2.520000	0.189286
33918	477143.500000	3808106.500105	0.410164	2.000000	0.118000
33919	476783.170006	3807754.835103	0.319516	2.680611	0.187644
33920	476539.500000	3807217.500100	0.242020	2.828427	0.068589
33921	476887.589498	3807662.181036	0.220279	1.284788	0.365819
33922	476914.500000	3807630.500100	0.146398	3.299462	0.351876
33923	476678.076521	3807488.689264	0.263535	2.837706	0.276280
33924	476876.484000	3807715.012104	0.385349	2.259274	0.189441
33925	477141.500000	3808106.500100	0.413617	1.768531	0.134010
33926	476537.500000	3807219.500100	0.242200	3.162278	0.156533
33927	476886.500000	3807661.500100	0.220329	2.000000	0.319000
33928	476912.607883	3807633.203124	0.146477	0.791398	0.351277
33929	476675.500000	3807487.500100	0.263644	1.992222	0.268042
33930	476780.772394	3807753.636297	0.319836	1.679593	0.187545
33931	476874.676580	3807716.367668	0.385474	2.282644	0.189692
33932	477139.837947	3808105.895717	0.413698	4.151073	0.133941
33933	476779.270121	3807752.885160	0.319846	0.861021	0.186987
33934	476534.500000	3807218.500100	0.242410	6.416661	0.384935
33935	476884.500000	3807661.500105	0.220350	0.707110	0.062225
33936	476912.154046	3807633.851462	0.146576	3.496289	0.352088
33937	476872.850464	3807717.737253	0.385484	2.938079	0.189239
33938	477135.936795	3808104.477117	0.413928	1.179089	0.134850
33939	476529.841808	3807222.913124	0.242846	0.979690	0.384816
33940	476910.149056	3807636.715734	0.146626	2.903823	0.351605
33941	476778.500000	3807752.500100	0.319951	1.498034	0.171558
33942	476870.500000	3807719.500100	0.387188	2.371708	0.018974
33943	477134.828695	3808104.074171	0.415680	4.606007	0.133955
33944	476529.130599	3807223.586901	0.242998	2.167971	0.385153
33945	476908.483823	3807639.094639	0.150415	1.715584	0.352067
33946	476777.540982	3807751.349278	0.320347	4.278924	0.171305
33947	476868.250000	3807720.250100	0.387508	0.790569	0.018974
33948	477130.500000	3808102.500100	0.418762	1.366656	0.174879
33949	477129.462357	3808101.610692	0.418768	2.517135	0.175199
33950	476527.556754	3807225.077912	0.243302	2.976165	0.384723
33951	476907.500000	3807640.500100	0.151309	3.000000	0.301000
33952	476774.801682	3807748.062118	0.320395	2.033292	0.171643
33953	476867.500000	3807720.500100	0.387535	2.236068	0.199457
33954	476525.396199	3807227.124753	0.243546	6.968437	0.385022
33955	476904.500000	3807640.500100	0.151476	4.136575	0.307984
33956	476773.500000	3807746.500100	0.322075	3.018691	0.191805
33957	476865.500000	3807719.500100	0.387733	2.276845	0.126052
33958	477127.551206	3808099.972562	0.419031	2.203013	0.175215
33959	476520.337444	3807231.917259	0.243676	2.965100	0.384810
33960	476770.800000	3807745.150100	0.322159	3.332330	0.192058
33961	476901.575000	3807643.425101	0.163484	3.648159	0.307826
33962	476863.339995	3807720.220101	0.389468	2.799669	0.126086
33963	477125.878553	3808098.538860	0.419675	3.132739	0.174927
33964	476898.995361	3807646.004739	0.163534	2.114760	0.307836
33965	476518.184921	3807233.956490	0.243773	3.698480	0.385023
33966	476767.819474	3807743.659837	0.322272	3.409199	0.191834
33967	476860.683996	3807721.105435	0.389961	1.248043	0.113778
33968	477123.500000	3808096.500100	0.419715	2.000000	0.225500
33969	476515.500000	3807236.500100	0.244808	4.000000	0.084750
33970	476897.500000	3807647.500100	0.188480	4.646958	0.297614
33971	476764.770193	3807742.135197	0.322719	1.420119	0.192237
33972	476859.500000	3807721.500105	0.390018	3.162276	0.130918
33973	477121.500000	3808096.500100	0.477567	8.551568	0.182890
33974	476511.500000	3807236.500100	0.245682	3.605551	0.014422
33975	476893.343635	3807649.578283	0.188532	1.564535	0.297852
33976	476763.500000	3807741.500100	0.323554	2.891823	0.247941
33977	476856.500000	3807722.500100	0.390180	4.472134	0.120971
33978	477115.453128	3808090.453228	0.478852	2.762137	0.187174
33979	476509.500000	3807233.500100	0.245778	3.162278	0.050596
33980	476891.944272	3807650.277964	0.188629	4.968847	0.297655
33981	476760.627985	3807741.162216	0.323599	1.291065	0.247857
33982	476852.500000	3807720.500105	0.398274	3.967421	0.244743
33983	477113.500000	3808088.500105	0.478877	1.414217	0.174655
33984	476848.951432	3807718.725818	0.398310	1.599129	0.244508
33985	476887.500000	3807652.500100	0.190539	1.335442	0.224645
33986	476506.500000	3807234.500100	0.245934	4.242641	0.084617
33987	476759.345763	3807741.011366	0.324527	1.684659	0.248121
33988	477112.500000	3808087.500100	0.479670	1.736573	0.255100
33989	476847.521128	3807718.010665	0.398335	1.141656	0.244382
33990	476887.133126	3807653.784160	0.190602	2.631168	0.224235
33991	476503.500000	3807231.500100	0.246008	1.414214	0.084853
33992	476757.672642	3807740.814529	0.324908	1.442449	0.248189
33993	477110.824618	3808087.043177	0.479676	1.936824	0.255057
33994	476886.410288	3807656.314091	0.190652	3.313499	0.224536
33995	476502.500000	3807230.500100	0.273483	3.600003	0.111944
33996	476756.240073	3807740.645991	0.325015	1.664367	0.247542
33997	476846.500000	3807717.500100	0.398539	1.854756	0.207574
33998	477108.956040	3808086.533565	0.481524	3.267640	0.254924
33999	476498.899997	3807230.500100	0.273650	3.399997	0.111765
34000	476885.500000	3807659.500100	0.204965	2.121323	0.193276
34001	476754.587106	3807740.451524	0.325293	0.862742	0.248046
34002	476845.091764	3807716.293041	0.398902	1.807104	0.208068
34003	477105.803539	3808085.673793	0.481616	0.656957	0.255724
34004	477105.169731	3808085.500936	0.481623	1.843695	0.254923
34005	476495.500000	3807230.500100	0.273961	4.317824	0.301541
34006	476753.730273	3807740.350720	0.325296	0.772799	0.248447
34007	476843.719708	3807715.116993	0.399770	3.684891	0.207605
34008	477103.391000	3808085.015827	0.481635	1.960066	0.255094
34009	476492.492742	3807233.598487	0.274177	4.465339	0.301433
34010	476752.962767	3807740.260426	0.325335	1.371810	0.247848
34011	476840.921931	3807712.718898	0.401033	0.877236	0.207470
34012	476489.382743	3807236.802728	0.274882	4.503189	0.301342
34013	476751.600354	3807740.100142	0.325397	1.756041	0.247716
34014	476840.255883	3807712.148000	0.401048	0.995557	0.207924
34015	477101.500000	3808084.500100	0.489142	3.750000	0.141600
34016	476486.246383	3807240.034130	0.275548	7.343698	0.301483
34017	476749.856341	3807739.894964	0.325418	1.937913	0.248205
34018	476839.500000	3807711.500100	0.401056	1.234788	0.209753
34019	477099.250000	3808081.500100	0.489173	1.250000	0.141600
34020	477098.500000	3808080.500100	0.489331	3.000000	0.080000
34021	476481.131678	3807245.303826	0.276012	12.900394	0.301464
34022	476747.931701	3807739.668535	0.325760	1.441575	0.247646
34023	476838.864707	3807710.441278	0.401122	2.557744	0.209951
34024	476746.500000	3807739.500100	0.325846	2.567521	0.389091
34025	476837.548758	3807708.248030	0.401316	2.038419	0.209967
34026	477095.500000	3808080.500100	0.490371	2.704163	0.062866
34027	476743.952305	3807739.818562	0.325963	2.234508	0.389347
34028	476836.500000	3807706.500100	0.402332	1.713900	0.107941
34029	477094.000000	3808078.250100	0.490405	0.901388	0.062126
34030	477093.500000	3808077.500100	0.496510	1.816730	0.186599
34031	476472.146871	3807254.560900	0.295316	13.850986	0.301423
34032	476741.735052	3807740.095719	0.326065	2.445171	0.389339
34033	476834.815456	3807706.184248	0.402490	2.669925	0.107494
34034	476462.500000	3807264.500100	0.295554	2.000000	0.246500
34035	476739.308763	3807740.399005	0.326086	0.815057	0.388930
34036	476832.191261	3807705.692211	0.403080	5.308719	0.107747
34037	477091.707988	3808077.201431	0.496558	3.032299	0.186327
34038	476460.500000	3807264.500100	0.295720	8.929254	0.343814
34039	476826.973469	3807704.713875	0.403169	1.542555	0.107614
34040	477088.716947	3808076.702925	0.500547	1.233733	0.186426
34041	476453.683530	3807270.267883	0.295859	2.316171	0.198604
34042	476825.457334	3807704.429600	0.404001	3.782791	0.107593
34043	477087.500000	3808076.500100	0.500606	2.828424	0.236881
34044	476451.385727	3807270.559009	0.296369	1.990111	0.370331
34045	476821.739333	3807703.732475	0.404143	1.260930	0.107857
34046	477085.500000	3808074.500105	0.501279	2.828430	0.167231
34047	476451.026217	3807272.516378	0.296408	2.309589	0.343784
34048	476820.500000	3807703.500100	0.404163	1.619992	0.187038
34049	477083.500000	3808072.500100	0.504912	3.165088	0.185145
34050	476819.204006	3807702.528105	0.404209	5.651521	0.187383
34051	476449.263108	3807274.008239	0.296547	0.930971	0.183679
34052	477082.732354	3808069.429514	0.504925	0.958018	0.185800
34053	476448.338555	3807273.899118	0.296577	1.807296	0.344714
34054	476814.682790	3807699.137192	0.404481	2.053518	0.187483
34055	477082.500000	3808068.500100	0.505672	2.909240	0.145743
34056	476447.500000	3807275.500100	0.296603	0.750992	0.311588
34057	476813.039975	3807697.905081	0.404525	0.674969	0.186675
34058	477080.442856	3808066.442957	0.505949	3.642741	0.145495
34059	476446.749008	3807275.500100	0.296644	3.249008	0.459525
34060	476812.500000	3807697.500100	0.404608	6.000000	0.194833
34061	477077.867049	3808063.867150	0.506178	3.698878	0.145450
34062	477075.251548	3808061.251648	0.506202	6.719703	0.145691
34063	476443.500000	3807275.500100	0.296703	3.057247	0.045466
34064	476806.500000	3807697.500105	0.405298	1.000000	0.121000
34065	476443.721582	3807278.549306	0.296908	3.971887	0.397544
34066	476805.500000	3807697.500100	0.405331	3.301418	0.217482
34067	477070.500000	3808056.500100	0.546712	4.123106	0.133395
34068	476439.750000	3807278.500100	0.297633	1.600781	0.357950
34069	476802.368000	3807696.456100	0.405442	2.267353	0.217434
34070	477066.500000	3808057.500100	0.551217	5.409364	0.129960
34071	477062.675002	3808053.675102	0.551246	3.075917	0.130043
34072	476438.500000	3807279.500100	0.297720	3.039536	0.048692
34073	476800.217000	3807695.739100	0.408786	0.755784	0.216993
34074	476438.010486	3807282.499960	0.297808	7.015893	0.286207
34075	477060.500000	3808051.500100	0.551392	2.348861	0.099197
34076	476799.500000	3807695.500100	0.408834	4.033157	0.133890
34077	477058.241514	3808050.854818	0.551418	3.698437	0.099231
34078	476796.401643	3807692.918136	0.409009	2.572404	0.134116
34079	476431.164050	3807280.967290	0.297925	2.716809	0.288206
34080	476428.500000	3807281.500100	0.299061	2.828430	0.319258
34081	476794.425467	3807691.271322	0.409331	1.204688	0.133645
34082	477054.685379	3808049.838780	0.554775	1.232812	0.098961
34083	476426.500000	3807283.500105	0.299313	2.828424	0.209657
34084	476793.500000	3807690.500100	0.409364	3.162278	0.300100
34085	477053.500000	3808049.500100	0.565994	5.000000	0.052200
34086	477050.500000	3808045.500100	0.566055	4.472136	0.131034
34087	476424.500000	3807285.500100	0.299447	4.949998	0.331111
34088	476790.500000	3807691.500100	0.409626	3.605551	0.042989
34089	476419.550002	3807285.500100	0.299518	4.452264	0.331292
34090	477046.500000	3808043.500100	0.580339	2.276846	0.097503
34091	476787.500000	3807689.500100	0.427747	5.610910	0.114242
34092	476415.097738	3807285.500100	0.299589	3.597738	0.458899
34093	477044.339994	3808044.220102	0.580352	0.885432	0.098257
34094	476781.954336	3807690.353279	0.427818	5.875148	0.114210
34095	476411.500000	3807285.500105	0.300000	4.000000	0.216250
34096	476673.610013	3807488.130096	0.417085	1.170056	0.267509
34097	476776.147505	3807691.246638	0.429190	1.666889	0.113985
34098	477043.500000	3808044.500100	0.580933	2.236066	0.122984
34099	476407.500000	3807285.500100	0.321224	5.963337	0.192845
34100	476774.500000	3807691.500100	0.430041	3.893242	0.151545
34101	476672.500000	3807488.500100	0.417095	2.545582	0.159885
34102	477041.500000	3808043.500105	0.586346	6.708204	0.083480
34103	476402.018828	3807287.849174	0.321303	1.652436	0.193048
34104	476771.747062	3807688.747162	0.430108	3.177823	0.139718
34105	476670.700002	3807490.300098	0.417391	2.668476	0.160016
34106	477035.500000	3808040.500105	0.588053	4.427416	0.061661
34107	476400.500000	3807288.500100	0.322026	4.578922	0.193932
34108	476769.500000	3807686.500105	0.430721	2.828430	0.165109
34109	476668.813104	3807492.186996	0.417656	3.271224	0.160185
34110	477031.540000	3808038.520102	0.589010	2.280788	0.056998
34111	476396.924463	3807291.360530	0.322102	1.824203	0.194057
34112	476767.500000	3807684.500100	0.430857	2.843360	0.112543
34113	476666.500000	3807494.500100	0.417686	3.000000	0.179333
34114	477029.500000	3808037.500105	0.590398	2.236070	0.066188
34115	476766.718869	3807681.766141	0.430915	3.193406	0.112732
34116	476395.500000	3807292.500100	0.322443	4.472136	0.156301
34117	476663.500000	3807494.500100	0.419140	1.452422	0.165241
34118	477027.500000	3808036.500100	0.591019	3.782723	0.092526
34119	476393.500000	3807296.500100	0.322862	3.622406	0.189929
34120	476765.841573	3807678.695605	0.431591	0.932508	0.112600
34121	476662.365849	3807495.407421	0.419216	2.080127	0.165374
34122	477025.038237	3808033.628043	0.591038	3.684505	0.092278
34123	476660.741542	3807496.706866	0.419562	2.020903	0.165273
34124	476390.260022	3807298.120089	0.323163	0.849730	0.189472
34125	476765.585393	3807677.798976	0.431774	0.310836	0.112600
34126	477022.640393	3808030.830558	0.598093	1.314238	0.092829
34127	476389.500000	3807298.500100	0.323201	3.738804	0.196319
34128	476765.500000	3807677.500100	0.432076	2.012470	0.155530
34129	476659.163482	3807497.969315	0.419618	0.849671	0.165947
34130	477021.785098	3808029.832715	0.598716	0.438079	0.091308
34131	476658.500000	3807498.500100	0.419663	1.000000	0.254000
34132	476387.164388	3807301.419615	0.323343	2.759212	0.196795
34133	476763.699992	3807676.600096	0.432101	1.375175	0.155617
34134	477021.500000	3808029.500100	0.598751	3.000000	0.261000
34135	476762.469998	3807675.985099	0.432106	1.805923	0.155599
34136	476385.440721	3807303.574198	0.324082	6.308232	0.196410
34137	476657.500000	3807498.500105	0.419757	1.000000	0.052000
34138	477018.500000	3808029.500100	0.598861	2.384979	0.116144
34139	476760.854732	3807675.177466	0.432113	0.924261	0.154718
34140	476381.500000	3807308.500100	0.324177	3.349775	0.220313
34141	476656.500000	3807498.500105	0.419781	2.000000	0.565500
34142	477016.477542	3808028.236063	0.601183	2.388262	0.115984
34143	477014.452300	3808026.970287	0.601195	2.963752	0.116069
34144	476378.591581	3807310.162054	0.324322	11.116586	0.220301
34145	476760.028047	3807674.764124	0.432233	2.826443	0.155673
34146	476654.500000	3807498.500105	0.421099	1.000000	-0.000000
34147	476368.939681	3807315.677425	0.325041	7.611887	0.220313
34148	476757.500000	3807673.500100	0.432588	2.991850	0.171800
34149	476653.500000	3807498.500105	0.421228	2.000000	0.105000
34150	477011.939043	3808025.399502	0.609725	1.696988	0.116088
34151	476362.330712	3807319.453979	0.325779	2.108525	0.220059
34152	476755.163758	3807675.369094	0.432744	3.411274	0.171783
34153	476651.500000	3807498.500105	0.421278	3.000000	0.366333
34154	477010.500000	3808024.500100	0.610363	1.207473	0.094412
34155	476360.500000	3807320.500100	0.325928	6.403124	0.254563
34156	476752.500000	3807677.500100	0.432800	2.140740	0.157889
34157	476648.500000	3807498.500105	0.421502	1.000000	0.133000
34158	477009.960002	3808023.420103	0.610704	3.785556	0.094834
34159	476356.500000	3807325.500100	0.326147	4.123106	0.254905
34160	476750.512373	3807678.295151	0.433112	1.793649	0.157779
34161	476647.500000	3807498.500100	0.422208	5.075509	0.242537
34162	477008.267050	3808020.034199	0.610782	1.715175	0.095034
34163	476748.847012	3807678.961295	0.433153	1.450776	0.157847
34164	476643.276922	3807501.315486	0.423056	1.039393	0.242449
34165	476352.500000	3807326.500100	0.326345	6.714224	0.230109
34166	477007.500000	3808018.500100	0.610921	4.454770	0.184521
34167	476642.412094	3807501.892037	0.423110	1.096201	0.242656
34168	476347.610702	3807331.101792	0.328041	11.045643	0.230045
34169	476747.500000	3807679.500100	0.433268	3.605551	0.047150
34170	477004.350002	3808015.350102	0.610942	1.962223	0.183975
34171	476339.567265	3807338.672085	0.328290	3.813837	0.229952
34172	476744.500000	3807677.500100	0.433443	4.611182	0.256550
34173	476641.500000	3807502.500100	0.424755	3.000000	0.108333
34174	477002.962500	3808013.962600	0.612456	0.654074	0.184994
34175	476336.790029	3807341.285955	0.328612	0.956093	0.230103
34176	476883.999998	3807661.000102	0.309378	0.707104	0.193748
34177	476740.469102	3807679.739488	0.433597	2.023407	0.256992
34178	476638.500000	3807502.500100	0.424924	1.222033	0.216033
34179	477002.500000	3808013.500100	0.615077	5.211528	0.135661
34180	476336.093802	3807341.941227	0.328663	0.815439	0.230551
34181	476883.500000	3807661.500100	0.309455	2.276845	0.087402
34182	476738.700326	3807680.722141	0.433649	1.405255	0.256181
34183	476637.695286	3807503.419773	0.424972	1.291477	0.216032
34184	476998.103235	3808010.702159	0.618548	4.100072	0.135607
34185	476737.471912	3807681.404593	0.433665	2.255786	0.256673
34186	476881.339995	3807662.220102	0.309479	0.885432	0.088093
34187	476335.500000	3807342.500100	0.328783	4.557722	0.109485
34188	476636.844842	3807504.391709	0.425523	2.501819	0.216243
34189	476994.644162	3808008.500930	0.619652	2.795104	0.135952
34190	476333.559407	3807346.624046	0.328924	6.420868	0.114315
34191	476635.197383	3807506.274519	0.425574	1.020400	0.216582
34192	476880.500000	3807662.500100	0.322524	2.496150	0.097350
34193	476735.500000	3807682.500100	0.437078	1.852176	0.140915
34194	476992.286040	3808007.000307	0.620275	0.931701	0.135236
34195	476327.500000	3807344.500100	0.329184	2.688667	0.171089
34196	476878.423078	3807661.115485	0.322538	1.109402	0.097350
34197	476733.911772	3807681.547163	0.437151	3.978776	0.141249
34198	476634.525445	3807507.042449	0.425997	2.781009	0.216109
34199	476991.500000	3808006.500100	0.620365	2.817449	0.064952
34200	476877.500000	3807660.500100	0.322796	3.092245	0.220875
34201	476325.598826	3807346.401274	0.329303	0.721116	-0.245453
34202	476730.500000	3807679.500100	0.438010	1.770964	0.226430
34203	476632.694138	3807509.135371	0.427572	1.813408	0.216168
34204	476990.239998	3808003.980097	0.620391	1.654687	0.065269
34205	476989.500000	3808002.500100	0.620409	2.790781	0.101405
34206	476728.757602	3807679.183300	0.438019	2.055300	0.226731
34207	476325.088919	3807346.911181	0.329326	1.967550	0.323753
34208	476875.085362	3807662.431810	0.322814	0.962808	0.221228
34209	476631.500000	3807510.500100	0.427842	3.348000	0.200418
34210	476628.821600	3807512.508900	0.427860	1.341263	0.199812
34211	476726.735454	3807678.815637	0.438032	1.100771	0.226205
34212	476874.333536	3807663.033271	0.322824	0.898378	0.221510
34213	476323.697651	3807348.302449	0.329462	5.936375	0.171148
34214	476987.076924	3808001.115485	0.648599	9.680194	0.101238
34215	476873.632020	3807663.594484	0.322828	1.449693	0.220736
34216	476725.652439	3807678.618725	0.438180	2.293304	0.226311
34217	476319.500000	3807352.500100	0.330732	4.472136	0.128798
34218	476627.748589	3807513.313658	0.428470	5.346364	0.200323
34219	476978.672162	3807996.312764	0.654715	2.740156	0.101454
34220	476872.500000	3807664.500100	0.322920	3.000000	0.212000
34221	476315.500000	3807354.500100	0.330920	4.123106	0.085373
34222	476723.396126	3807678.208487	0.439687	2.681641	0.226354
34223	476623.471498	3807516.521476	0.428618	1.260332	0.200741
34224	476976.293040	3807994.953266	0.655978	0.913385	0.100724
34225	476311.500000	3807353.500100	0.331229	4.126108	0.304161
34226	476869.500000	3807664.500105	0.324203	3.000000	0.077667
34227	476720.757740	3807677.728780	0.440268	1.278360	0.226853
34228	476622.463232	3807517.277676	0.428671	2.144786	0.200486
34229	476975.500000	3807994.500100	0.655996	2.160880	0.141609
34230	476719.500000	3807677.500100	0.440276	1.572847	0.200274
34231	476307.877708	3807355.475896	0.331337	2.097677	0.304146
34232	476866.500000	3807664.500100	0.324270	3.675675	0.126507
34233	476620.747404	3807518.564547	0.428680	1.559254	0.200096
34234	476974.388237	3807992.647161	0.656010	2.752554	0.141323
34235	476306.036166	3807356.480373	0.331514	2.497835	0.304263
34236	476863.780220	3807662.027573	0.328530	5.511241	0.126469
34237	476718.141408	3807676.707588	0.440596	2.677965	0.200152
34238	476619.500000	3807519.500100	0.434804	2.745765	0.195210
34239	476972.972059	3807990.286865	0.657807	0.917518	0.141687
34240	476972.500000	3807989.500100	0.659519	3.162278	0.152738
34241	476303.843328	3807357.676467	0.331632	3.808344	0.304069
34242	476859.702232	3807658.320311	0.328955	3.176444	0.126242
34243	476715.828239	3807675.358239	0.440686	2.498510	0.200520
34244	476616.758463	3807519.652408	0.435328	1.651536	0.194970
34245	476969.500000	3807988.500100	0.659533	2.615934	0.131119
34246	476300.500000	3807359.500100	0.331677	0.000005	0.000000
34247	476857.351854	3807656.183604	0.329701	2.502708	0.126663
34248	476713.670078	3807674.099312	0.440695	1.319920	0.200012
34249	476615.109470	3807519.744018	0.435429	1.910026	0.195285
34250	476300.500000	3807359.500105	0.331831	1.817001	0.496422
34251	476855.500000	3807654.500100	0.329746	2.414955	0.165220
34252	476712.529959	3807673.434243	0.440964	2.778797	0.200087
34253	476613.202385	3807519.849968	0.436641	2.851561	0.195332
34254	476967.544826	3807986.762168	0.659725	2.009727	0.131361
34255	476966.042738	3807985.426978	0.659735	1.759515	0.130718
34256	476299.257277	3807360.825673	0.332168	1.817001	0.496973
34257	476853.339998	3807653.420099	0.330015	2.790611	0.165197
34258	476710.129693	3807672.034088	0.441408	1.856378	0.200390
34259	476610.355214	3807520.008144	0.437394	3.799897	0.195268
34260	476964.727660	3807984.258020	0.659743	4.522341	0.131127
34261	476298.014554	3807362.151242	0.332261	1.422593	0.312809
34262	476850.844000	3807652.172100	0.330213	1.502638	0.165043
34263	476708.526193	3807671.098713	0.441432	1.188027	0.200332
34264	476606.561168	3807520.218924	0.437525	2.645083	0.195079
34265	476296.607637	3807361.940634	0.332302	4.509642	0.464117
34266	476849.500000	3807651.500100	0.355095	4.000000	0.109500
34267	476707.500000	3807670.500100	0.441787	4.586727	0.259008
34268	476603.920157	3807520.365647	0.437542	2.423889	0.195141
34269	476961.347620	3807981.253540	0.666653	1.134077	0.131384
34270	476845.500000	3807651.500100	0.355198	1.568594	0.251818
34271	476293.571162	3807365.274803	0.332698	1.167488	0.248397
34272	476960.500000	3807980.500100	0.666845	1.500000	0.125333
34273	476601.500000	3807520.500100	0.444140	2.340001	0.163675
34274	476702.975680	3807671.254153	0.442432	1.122027	0.258461
34275	476294.120358	3807366.305051	0.332731	1.064661	0.496872
34276	476844.154942	3807652.307135	0.355239	4.262358	0.251504
34277	476701.868920	3807671.438613	0.442444	0.374009	0.259352
34278	476600.095999	3807522.372101	0.444509	1.175764	0.164149
34279	476959.000000	3807980.500100	0.666854	0.500000	0.126000
34280	476701.500000	3807671.500100	0.442451	2.172626	0.424371
34281	476599.390541	3807523.312712	0.444576	1.942184	0.163218
34282	476293.392193	3807367.081761	0.332783	2.290065	0.496493
34283	476840.500000	3807654.500100	0.356127	3.825000	0.214379
34284	476958.500000	3807980.500100	0.666859	1.543487	0.212506
34285	476291.825924	3807368.752448	0.333175	2.290065	0.496929
34286	476836.675000	3807654.500100	0.356151	3.846608	0.214215
34287	476699.482767	3807670.693207	0.442912	1.279808	0.425064
34288	476598.225230	3807524.866460	0.444661	1.950366	0.164072
34289	476957.705882	3807979.176571	0.674732	2.706747	0.213171
34290	476290.259654	3807370.423136	0.333277	1.503864	0.496720
34291	476832.828393	3807654.500100	0.356815	3.739408	0.214205
34292	476698.294495	3807670.217898	0.443620	1.449548	0.424270
34293	476597.055011	3807526.426752	0.444772	2.591685	0.163600
34294	476956.313273	3807976.855555	0.674768	1.580718	0.212562
34295	476289.231100	3807371.520260	0.333295	0.649225	0.495976
34296	476829.088984	3807654.500100	0.356838	2.013159	0.214588
34297	476696.948624	3807669.679549	0.443631	0.483183	0.424270
34298	476595.500000	3807528.500100	0.444856	4.801616	0.185771
34299	476955.500000	3807975.500100	0.675753	1.112622	0.242670
34300	476696.500000	3807669.500100	0.443704	3.000000	0.226000
34301	476288.787068	3807371.993894	0.333314	0.649225	0.495976
34302	476827.075826	3807654.500100	0.356849	0.575826	0.213606
34303	476591.086618	3807530.391549	0.446254	0.747068	0.186061
34304	476954.430187	3807975.194439	0.675762	2.063790	0.242273
34305	476288.343036	3807372.467528	0.333326	1.193729	0.496763
34306	476826.500000	3807654.500100	0.357739	4.767128	0.139707
34307	476693.500000	3807669.500105	0.443882	3.000000	0.378667
34308	476590.399954	3807530.685834	0.460014	2.067090	-0.005321
34309	476952.445804	3807974.627473	0.675857	3.077774	0.242058
34310	476287.526596	3807373.338398	0.333340	0.643604	0.497200
34311	476821.977505	3807652.992602	0.361286	1.557427	0.139974
34312	476690.500000	3807669.500105	0.444034	1.000000	0.311000
34313	476588.500000	3807531.500105	0.460043	2.599869	0.237704
34314	476949.486451	3807973.781943	0.675870	1.025925	0.242708
34315	476287.086408	3807373.807931	0.333346	0.836974	0.497028
34316	476820.500000	3807652.500100	0.361882	2.085572	0.115076
34317	476689.500000	3807669.500100	0.444280	2.121320	0.435578
34318	476586.110343	3807532.524242	0.460122	2.431415	0.237722
34319	476948.500000	3807973.500100	0.687524	3.358371	0.262032
34320	476286.513967	3807374.418535	0.333350	0.892252	0.496497
34321	476818.601365	3807653.363116	0.361914	0.747960	0.114979
34322	476688.000000	3807668.000100	0.444324	0.707107	0.435578
34323	476583.875519	3807533.482022	0.460149	0.637435	0.236887
34324	476946.288497	3807970.972668	0.689985	1.126580	0.261855
34325	476687.500000	3807667.500100	0.445053	2.000000	0.428000
34326	476817.920448	3807653.672624	0.465876	1.614388	0.115214
34327	476583.289624	3807533.733119	0.460157	1.947052	0.237795
34328	476945.546639	3807970.124831	0.690007	1.811822	0.262167
34329	476816.450762	3807654.340662	0.465900	3.697246	0.115221
34330	476685.500000	3807667.500105	0.445380	2.250000	0.320444
34331	476581.500000	3807534.500100	0.461563	2.635707	0.135827
34332	476944.353546	3807968.761296	0.690789	1.550114	0.261916
34333	476579.784705	3807536.501278	0.461574	1.346267	0.135931
34334	476813.084914	3807655.870594	0.465958	2.737787	0.115056
34335	476683.250000	3807667.500103	0.445393	3.075004	0.320650
34336	476943.332789	3807967.594716	0.690868	2.208329	0.261736
34337	476941.878594	3807965.932779	0.690891	0.574930	0.262640
34338	476810.592524	3807657.003498	0.466615	1.200092	0.114991
34339	476680.174996	3807667.500102	0.445835	1.674996	0.400001
34340	476578.908566	3807537.523440	0.461650	2.660557	0.135686
34341	476941.500000	3807965.500100	0.690898	1.497686	0.395276
34342	476809.500000	3807657.500100	0.466857	1.235538	0.138401
34343	476678.500000	3807667.500105	0.445903	1.000000	0.188000
34344	476577.177098	3807539.543485	0.462457	2.577014	0.135816
34345	476808.288455	3807657.257791	0.466878	4.024699	0.138892
34346	476677.500000	3807667.500100	0.445928	3.312815	0.130705
34347	476575.500000	3807541.500100	0.462820	4.233857	0.193204
34348	476940.253850	3807964.669333	0.691059	2.714920	0.394855
34349	476676.018464	3807664.537028	0.445936	1.159321	0.130249
34350	476571.568962	3807543.072515	0.462920	1.817899	0.193080
34351	476804.341914	3807656.468483	0.467318	3.715999	0.138859
34352	476937.994900	3807963.163366	0.691104	1.640663	0.394962
34353	476800.698077	3807655.739715	0.467351	1.560868	0.139025
34354	476936.629785	3807962.253290	0.691127	1.357833	0.394747
34355	476569.881085	3807543.747666	0.463308	3.327632	0.193230
34356	476799.167519	3807655.433604	0.467780	1.959511	0.138810
34357	476935.500000	3807961.500100	0.691729	1.169881	0.189763
34358	476566.791456	3807544.983518	0.464543	1.390941	0.193394
34359	476565.500000	3807545.500100	0.464561	3.162278	0.209027
34360	476797.246061	3807655.049312	0.467828	2.800444	0.138907
34361	476934.413792	3807961.065617	0.691931	4.215282	0.055512
34362	476794.500000	3807654.500100	0.468336	3.584186	0.225435
34363	476930.500000	3807959.500105	0.692105	2.172635	0.225072
34364	476791.701221	3807656.739123	0.468355	1.200424	0.225754
34365	476928.482759	3807958.693208	0.692264	3.212530	0.344277
34366	476790.763848	3807657.489022	0.468364	1.618515	0.225515
34367	476925.500000	3807957.500105	0.692324	1.504133	0.189478
34368	476789.500000	3807658.500100	0.468479	2.699998	0.237037
34369	476924.103448	3807956.941483	0.692335	2.016216	0.189960
34370	476922.231439	3807956.192678	0.692363	1.753948	0.189857
34371	476786.800002	3807658.500100	0.468493	1.300002	0.236923
34372	476785.500000	3807658.500100	0.468738	2.419895	0.182653
34373	476920.602939	3807955.541278	0.692467	2.458079	0.189579
34374	476783.950821	3807660.359115	0.468936	0.940512	0.182879
34375	476918.320671	3807954.628369	0.692519	1.874982	0.189868
34376	476916.579794	3807953.932018	0.692522	1.162974	0.190030
34377	476783.348720	3807661.081636	0.469066	1.729418	0.182142
34378	476782.241573	3807662.410212	0.469098	1.322245	0.183022
34379	476915.500000	3807953.500100	0.720791	4.999996	0.122200
34380	476781.395093	3807663.425989	0.469108	1.398179	0.182380
34381	476912.500000	3807949.500105	0.721071	1.620001	0.316049
34382	476780.500000	3807664.500100	0.471092	1.000000	0.056000
34383	476911.528000	3807948.204103	0.721362	2.535002	0.316371
34384	476779.500000	3807664.500105	0.471129	3.000000	0.299333
34385	476910.007000	3807946.176101	0.721371	0.845001	0.315976
34386	476776.500000	3807664.500100	0.471642	5.056426	0.118068
34387	476909.500000	3807945.500100	0.723202	1.654458	0.167426
34388	476771.879379	3807662.446491	0.471701	1.859523	0.117772
34389	476907.979313	3807944.848377	0.723289	1.260376	0.166617
34390	476770.180125	3807661.691267	0.471909	0.906210	0.118074
34391	476906.820845	3807944.351891	0.723322	2.257391	0.167450
34392	476904.745976	3807943.462661	0.723329	0.652666	0.167007
34393	476769.352020	3807661.323220	0.472237	2.026698	0.117926
34394	476767.500000	3807660.500100	0.472265	2.000000	0.150000
34395	476904.146081	3807943.205563	0.723342	1.790883	0.166957
34396	476902.500000	3807942.500100	0.724169	3.354514	0.004770
34397	476765.500000	3807660.500105	0.472900	2.000000	0.082000
34398	476763.500000	3807660.500100	0.473121	3.181981	0.124765
34399	476899.499632	3807944.000284	0.724220	1.117622	0.005369
34400	476761.250000	3807662.750100	0.473145	1.060660	0.125394
34401	476898.500000	3807944.500100	0.724226	2.236068	0.108226
34402	476760.500000	3807663.500100	0.473335	5.837238	0.207119
34403	476896.500000	3807943.500100	0.724474	2.959187	0.092931
34404	476754.707838	3807664.224120	0.473521	2.225020	0.207189
34405	476893.581076	3807943.986587	0.736560	2.088178	0.092904
34406	476891.521310	3807944.329882	0.736569	1.035397	0.092718
34407	476752.500000	3807664.500100	0.473752	3.269199	0.180778
34408	476749.661540	3807662.878123	0.473881	1.860573	0.180589
34409	476890.500000	3807944.500100	0.736773	3.979248	0.083684
34410	476748.046110	3807661.955020	0.473940	2.199364	0.180961
34411	476887.879647	3807941.505411	0.738523	4.587411	0.083707
34412	476746.136528	3807660.863830	0.473950	0.733121	0.180052
34413	476884.858816	3807938.053032	0.751072	2.063487	0.083839
34414	476745.500000	3807660.500100	0.474077	1.248074	0.127396
34415	476883.500000	3807936.500100	0.751567	6.360852	0.078920
34416	476744.807693	3807659.461639	0.474862	4.100737	0.126806
34417	476884.202439	3807930.178153	0.753046	1.848099	0.079000
34418	476742.533013	3807656.049620	0.474885	1.862291	0.127263
34419	476884.406527	3807928.341357	0.753137	0.846434	0.079156
34420	476741.500000	3807654.500100	0.475761	2.564820	0.200404
34421	476884.500000	3807927.500100	0.754872	2.790779	0.113588
34422	476739.011759	3807653.878040	0.475976	1.558284	0.123854
34423	476883.115386	3807925.077025	0.756819	5.271479	0.113441
34424	476737.500000	3807653.500105	0.476027	2.837667	0.229766
34425	476880.500000	3807920.500100	0.757162	1.269044	0.072496
34426	476734.747059	3807652.811866	0.476037	1.285440	0.229493
34427	476879.536470	3807919.674217	0.757341	3.343407	0.072979
34428	476733.500000	3807652.500100	0.476768	3.092329	0.154253
34429	476876.997967	3807917.498357	0.783552	2.465788	0.072593
34430	476730.500000	3807653.250100	0.476962	1.030776	0.154253
34431	476875.125801	3807915.893643	0.783627	1.601259	0.073068
34432	476729.500000	3807653.500100	0.477239	2.995382	0.187622
34433	476873.910034	3807914.851558	0.783686	3.771260	0.072920
34434	476871.046680	3807912.397254	0.783698	1.501456	0.072596
34435	476727.007692	3807651.838561	0.477567	3.161791	0.187868
34436	476869.906689	3807911.420119	0.783711	0.893563	0.072743
34437	476724.376923	3807650.084715	0.477800	1.053930	0.187868
34438	476869.228246	3807910.838596	0.783966	2.901363	0.073069
34439	476723.500000	3807649.500100	0.477877	3.300004	0.132424
34440	476720.199996	3807649.500100	0.478302	2.699996	0.132222
34441	476867.025367	3807908.950415	0.784173	0.691950	0.072260
34442	476717.500000	3807649.500100	0.478527	5.628584	0.232741
34443	476866.500000	3807908.500100	0.784398	3.086971	0.120830
34444	476714.516856	3807644.727070	0.479204	1.652389	0.232391
34445	476864.911767	3807905.853044	0.785484	2.743981	0.120992
34446	476713.641092	3807643.325847	0.479217	2.153008	0.232698
34447	476863.500000	3807903.500100	0.785516	3.605551	0.100401
34448	476712.500000	3807641.500100	0.479550	1.191753	0.253408
34449	476860.500000	3807901.500100	0.785546	4.000000	0.224750
34450	476711.415068	3807641.006949	0.479564	5.049442	0.253691
34451	476856.500000	3807901.500100	0.785848	4.409873	0.219961
34452	476706.818225	3807638.917475	0.480158	1.366838	0.253871
34453	476852.830764	3807899.053943	0.786491	1.840269	0.220077
34454	476705.573902	3807638.351874	0.480560	3.295707	0.253663
34455	476851.299568	3807898.033145	0.786528	0.960961	0.219572
34456	476702.573601	3807636.988100	0.480919	1.179306	0.253539
34457	476850.500000	3807897.500100	0.786558	2.765596	0.115346
34458	476701.500000	3807636.500100	0.481163	1.370244	0.282431
34459	476848.729508	3807895.375510	0.786613	3.783490	0.115238
34460	476846.307377	3807892.468952	0.786629	1.261163	0.115766
34461	476700.475867	3807635.589760	0.481171	1.585690	0.282527
34462	476845.500000	3807891.500100	0.802885	2.824072	0.268053
34463	476699.290708	3807634.536285	0.481384	4.375643	0.282473
34464	476846.053846	3807888.730870	0.802900	2.274948	0.268138
34465	476696.020311	3807631.629266	0.481728	0.982670	0.281885
34466	476695.285854	3807630.976415	0.482179	3.047459	0.282530
34467	476846.500000	3807886.500100	0.803926	2.276842	0.148890
34468	476693.008155	3807628.951793	0.482427	0.679885	-0.389772
34469	476844.339998	3807885.780099	0.809877	0.885435	0.149079
34470	476692.500000	3807628.500105	0.482457	3.861615	0.320332
34471	476843.500000	3807885.500100	0.810003	2.828424	-0.000000
34472	476689.613794	3807625.934587	0.482476	1.023102	0.320594
34473	476841.500000	3807883.500105	0.810045	3.309260	0.193699
34474	476688.849118	3807625.254874	0.482915	1.805602	0.320115
34475	476839.160002	3807881.160103	0.810052	0.933384	0.193918
34476	476687.499595	3807624.055297	0.483311	2.340372	0.320462
34477	476838.500000	3807880.500100	0.810331	1.897732	0.181269
34478	476685.750380	3807622.500439	0.483414	1.212007	0.320955
34479	476837.558461	3807878.852407	0.810407	2.487902	0.181679
34480	476684.844515	3807621.695225	0.483561	1.798900	0.320196
34481	476836.324116	3807876.692304	0.810675	2.190565	0.181232
34482	476683.500000	3807620.500100	0.483657	3.776759	0.161514
34483	476835.237292	3807874.790360	0.810830	1.486059	0.181689
34484	476679.746340	3807620.083027	0.484158	2.106989	0.161842
34485	476834.500000	3807873.500100	0.811051	2.466570	0.107437
34486	476832.160006	3807872.720102	0.811058	0.695708	0.107804
34487	476677.652238	3807619.850349	0.484171	1.177571	0.161349
34488	476676.481869	3807619.720308	0.484175	1.495549	0.161145
34489	476831.500000	3807872.500100	0.811159	2.236070	0.125667
34490	476674.995467	3807619.555152	0.484458	0.498516	0.162482
34491	476829.500000	3807873.500105	0.811191	2.236066	0.163680
34492	476674.500000	3807619.500100	0.484461	1.996918	0.173768
34493	476827.500000	3807874.500100	0.811195	1.609965	0.265844
34494	476826.060003	3807873.780102	0.811198	0.626101	1.258584
34495	476672.838464	3807618.392409	0.484484	1.880461	0.173893
34496	476671.273825	3807617.349317	0.485015	1.299419	0.173924
34497	476825.500000	3807873.500105	0.833673	3.018693	0.126545
34498	476670.192643	3807616.628528	0.485021	2.034303	0.174015
34499	476822.800001	3807872.150102	0.833690	1.453445	0.126596
34500	476668.500000	3807615.500100	0.485140	1.707617	0.149331
34501	476821.500000	3807871.500100	0.833698	1.909191	0.168658
34502	476666.880013	3807616.040096	0.485182	1.454661	0.149176
34503	476820.149998	3807870.150098	0.833933	0.919236	0.168618
34504	476665.500000	3807616.500100	0.485728	1.979999	0.245960
34505	476819.500000	3807869.500100	0.834010	3.277940	0.185787
34506	476663.916001	3807615.312100	0.485766	1.623877	0.245708
34507	476818.857143	3807866.285815	0.834519	1.821080	0.185604
34508	476662.616899	3807614.337774	0.485795	1.396124	0.246396
34509	476818.500000	3807864.500100	0.834759	2.182818	0.124151
34510	476819.029411	3807862.382456	0.834885	1.455216	0.124380
34511	476819.382353	3807860.970689	0.835207	0.485072	0.123693
34512	476819.500000	3807860.500100	0.835215	1.536282	0.190720
34513	476818.894829	3807859.088034	0.835380	0.747974	0.191183
34514	476818.600188	3807858.400538	0.835528	5.331513	0.045203
34515	476816.500000	3807853.500105	0.835632	1.181758	0.292784
34516	476816.034483	3807852.413898	0.835634	1.117299	0.292670
34517	476815.594358	3807851.386938	0.835740	2.782216	0.292932
34518	476814.498390	3807848.829677	0.835795	0.873387	0.293112
34519	476814.154346	3807848.026908	0.836575	1.245838	0.292173
34520	476813.663586	3807846.881802	0.836590	0.415279	0.293778
34521	476813.500000	3807846.500100	0.836600	3.403063	0.194531
34522	476812.940540	3807843.143339	0.837439	1.513665	0.194891
34523	476812.691695	3807841.650270	0.837463	1.009314	0.194191
34524	476812.525765	3807840.654688	0.837479	2.277824	0.194484
34525	476812.151293	3807838.407857	0.837542	2.417928	0.194795
34526	476811.753788	3807836.022827	0.837564	0.933932	0.193804
34527	476811.600250	3807835.101602	0.837566	0.457349	0.194600
34528	476811.525063	3807834.650476	0.837781	0.114337	0.201159
34529	476811.506266	3807834.537694	0.837781	0.038112	0.183667
34530	476811.500000	3807834.500100	0.837840	2.538086	0.236793
34531	476809.848236	3807832.573042	0.837942	2.315346	0.237114
34532	476808.341428	3807830.815100	0.839810	1.550352	0.237365
34533	476807.332473	3807829.637985	0.839818	1.174854	0.236625
34534	476806.567888	3807828.745969	0.839822	1.640907	0.237064
34535	476805.500000	3807827.500100	0.863817	1.964535	0.382788
34536	476803.594121	3807827.023630	0.863843	1.164641	0.382951
34537	476802.464253	3807826.741163	0.863847	0.745447	0.383662
34538	476801.741063	3807826.560366	0.863849	0.248482	0.382321
34539	476801.500000	3807826.500100	0.864169	3.125675	0.103978
34540	476799.949231	3807823.786254	0.864220	1.355247	0.104040
34541	476799.276840	3807822.609570	0.869215	3.581335	0.103872
34542	476797.500000	3807819.500100	0.871081	3.181981	0.162792
34543	476795.250000	3807817.250100	0.871093	1.060660	0.163106
34544	476794.500000	3807816.500100	0.871102	2.000000	0.290000
34545	476792.500000	3807816.500100	0.871473	2.699998	0.107037
34546	476790.880001	3807814.340102	0.871596	3.727904	0.107299
34547	476788.643259	3807811.357779	0.873625	2.014239	0.107237
34548	476787.434716	3807809.746388	0.874593	1.557860	0.107198
34549	476786.500000	3807808.500100	0.874604	2.099998	0.060476
34550	476786.500000	3807806.400102	0.874885	1.899997	0.120000
34551	476661.500000	3807613.500100	0.569005	1.000000	0.404000
34552	476786.500000	3807804.500105	0.875037	2.700000	0.037778
34553	476660.500000	3807613.500105	0.569092	2.700001	0.126296
34554	476786.500000	3807801.800105	0.875048	0.300000	0.270000
34555	476657.799999	3807613.500102	0.569107	2.475000	0.126465
34556	476786.500000	3807801.500105	0.875476	2.000005	0.003000
34557	476655.325000	3807613.500101	0.569669	0.825000	0.126061
34558	476786.500000	3807799.500100	0.875512	2.246533	0.103270
34559	476654.500000	3807613.500100	0.569868	2.094810	0.121729
34560	476785.253847	3807797.630871	0.875848	2.211532	0.103548
34561	476652.555018	3807612.722107	0.570017	2.415032	0.121738
34562	476784.027110	3807795.790765	0.875933	1.565562	0.103477
34563	476783.158693	3807794.488139	0.875991	3.594770	0.103484
34564	476650.312717	3807611.825187	0.570026	0.875323	0.122241
34565	476649.500000	3807611.500100	0.570268	1.207477	0.172260
34566	476781.164673	3807791.497110	0.876183	0.898693	0.103484
34567	476648.420000	3807612.040100	0.570271	1.028593	0.561933
34568	476780.666168	3807790.749352	0.876187	0.299564	0.103484
34569	476647.500000	3807612.500105	0.570482	2.012462	0.112797
34570	476780.500000	3807790.500100	0.876191	1.145509	0.160627
34571	476645.699998	3807613.400104	0.570784	1.375180	0.111985
34572	476780.338001	3807789.366104	0.876424	2.715867	0.160170
34573	476644.470000	3807614.015103	0.570787	1.084493	0.344861
34574	476779.953919	3807786.677533	0.876504	1.258232	0.160543
34575	476779.775978	3807785.431947	0.876590	1.019089	0.159947
34576	476643.500000	3807614.500105	0.570948	2.236066	0.000000
34577	476779.631857	3807784.423100	0.876593	0.932371	0.160880
34578	476641.500000	3807615.500100	0.570958	1.423031	0.273360
34579	476640.149994	3807615.050098	0.571094	3.045270	0.273211
34580	476779.500000	3807783.500100	0.876655	2.519999	0.058333
34581	476637.260997	3807614.087099	0.571124	1.392190	0.272951
34582	476777.988000	3807781.484101	0.877185	2.480001	0.058064
34583	476776.500000	3807779.500100	0.877300	1.000000	0.186000
34584	476775.500000	3807779.500105	0.877313	2.000000	0.000000
34585	476773.500000	3807779.500100	0.877325	3.272891	0.127105
34586	476771.185716	3807777.185816	0.877334	1.800849	0.127162
34587	476769.912324	3807775.912424	0.898430	1.497995	0.126836
34588	476768.853081	3807774.853181	0.898443	0.499332	0.128171
34589	476768.500000	3807774.500100	0.898838	3.354102	0.050684
34590	476767.000000	3807771.500100	0.898855	1.118034	0.050088
34591	476766.500000	3807770.500100	0.899127	1.414214	0.034648
34592	476767.500000	3807769.500100	0.899147	3.797613	0.131662
34593	476766.875676	3807765.754157	0.899254	1.163798	0.131466
34594	476766.684349	3807764.606194	0.899274	1.121351	0.131984
34595	476766.500000	3807763.500100	0.899416	2.828424	0.332694
34596	476764.500000	3807761.500105	0.899449	1.060663	0.000000
34597	476763.750000	3807760.750101	0.899466	0.353554	0.000000
34598	476763.500000	3807760.500100	0.908887	2.000000	0.059500
34599	476761.500000	3807760.500105	0.909001	1.000000	0.593000
34600	476760.500000	3807760.500100	0.909006	1.227940	0.145773
34601	476759.890771	3807759.433949	0.909027	2.971959	0.145695
34602	476758.416267	3807756.853567	0.909377	1.908551	0.145660
34603	476757.469360	3807755.196480	0.909461	1.953808	0.145869
34604	476756.500000	3807753.500100	0.909714	2.276835	0.211258
34605	476754.340005	3807752.780102	0.909749	2.426488	0.211417
34606	476752.038037	3807752.012779	0.909862	1.621233	0.210951
34607	476750.500000	3807751.500100	0.916835	3.181978	0.234760
34608	476748.250002	3807749.250102	0.916905	1.060660	0.605284
34609	476747.500000	3807748.500105	0.916918	1.272792	0.095852
34610	476746.600001	3807747.600104	0.916946	1.555638	0.096423
34611	476745.500000	3807746.500100	0.916955	1.169881	0.201730
34612	476744.413792	3807746.065617	0.917067	1.813721	0.201795
34613	476742.729794	3807745.392018	0.917099	0.804584	0.201346
34614	476741.982757	3807745.093203	0.917245	1.596978	0.201631
34615	476740.500000	3807744.500100	0.918764	2.236064	0.334069
34616	476739.500000	3807742.500105	0.918922	1.677054	0.048895
34617	476738.750000	3807741.000101	0.918925	0.559014	0.050088
34618	476738.500000	3807740.500105	0.918941	0.000005	0.000000
34619	476738.500000	3807740.500100	0.989495	1.248074	0.121788
34620	476737.461539	3807739.807793	0.989508	1.658157	0.121219
34621	476736.081870	3807738.888013	0.989529	1.967745	0.121459
34622	476734.444607	3807737.796504	0.989744	1.813548	0.121861
34623	476732.935643	3807736.790529	0.992118	2.577306	0.121445
34624	476730.791195	3807735.360897	0.992151	3.062147	0.121483
34625	476728.243335	3807733.662323	0.992685	2.095227	0.121705
34626	476726.500000	3807732.500100	1.009327	2.249997	0.074667
34627	476726.500000	3807730.250103	1.009333	3.075003	0.075122
34628	476726.500000	3807727.175100	1.009343	1.675000	0.074627
34629	476726.500000	3807725.500100	1.010244	1.464272	0.166636
34630	476725.388242	3807724.547164	1.010428	3.625393	0.166603
34631	476722.635638	3807722.187790	1.012083	2.487475	0.166434
34632	476720.747007	3807720.568963	1.012273	0.772183	0.167059
34633	476720.160722	3807720.066433	1.012300	3.399511	0.166495
34634	476717.579621	3807717.854061	1.012747	1.038769	0.166543
34635	476716.790929	3807717.178039	1.012796	2.017494	0.166543
34636	476715.259133	3807715.865071	1.013050	1.995244	0.166396
34637	476713.744231	3807714.566584	1.013142	0.632112	0.166110
34638	476713.264296	3807714.155211	1.013145	0.754978	0.166892
34639	476712.691074	3807713.663878	1.013214	0.251659	0.166892
34640	476712.500000	3807713.500100	1.013233	2.059729	0.137397
34641	476710.450493	3807713.705051	1.013384	2.058041	0.137509
34642	476708.402666	3807713.909833	1.013516	2.022173	0.137476
34643	476706.390528	3807714.111047	1.013637	1.933101	0.137603
34644	476704.467021	3807714.303398	1.013646	1.482623	0.137594
34645	476702.991755	3807714.450924	1.013656	0.494208	0.137594
34646	476702.500000	3807714.500100	1.013687	1.046604	0.023887
34647	476702.031945	3807715.436211	1.013706	1.189464	0.023540
34648	476701.500000	3807716.500100	1.014899	1.707627	0.086670
34649	476699.880002	3807715.960101	1.014940	1.454650	0.086619
34650	476698.500000	3807715.500100	1.014965	0.887308	0.072128
34651	476697.629923	3807715.674115	1.020815	2.381224	0.072232
34652	476695.294940	3807716.141112	1.020822	1.830487	0.072112
34653	476693.500000	3807716.500100	1.021034	2.817443	0.143392
34654	476690.980002	3807715.240101	1.021148	1.654693	0.143229
34655	476689.500000	3807714.500100	1.021254	1.497689	0.076117
34656	476688.669231	3807713.253947	1.021274	1.698404	0.076542
34657	476687.727127	3807711.840790	1.030595	0.409458	0.075710
34658	476687.500000	3807711.500100	1.030614	4.715794	0.109207
34659	476687.794163	3807706.793489	1.032621	2.675457	0.109140
34660	476687.961054	3807704.123243	1.033025	2.048823	0.109331
34661	476688.088856	3807702.078409	1.033055	2.266432	0.108982
34662	476688.230232	3807699.816391	1.033071	1.083425	0.108914
34663	476688.297814	3807698.735076	1.033075	2.261380	0.109225
34664	476688.438875	3807696.478099	1.033756	0.979908	0.109194
34665	476688.500000	3807695.500100	1.033766	2.182818	0.147058
34666	476687.970589	3807693.382456	1.033800	3.113391	0.146785
34667	476687.215481	3807690.362023	1.034040	1.815226	0.147089
34668	476686.775224	3807688.600995	1.034042	1.134777	0.147166
34669	476686.500000	3807687.500100	1.034273	2.709271	0.112946
34670	476684.461066	3807685.716033	1.034399	2.981454	0.113032
34671	476682.217293	3807683.752732	1.034406	0.919797	0.113068
34672	476681.525075	3807683.147041	1.035156	4.019624	0.113195
34673	476678.500000	3807680.500100	1.035249	1.923469	0.210037
34674	476676.602701	3807680.183884	1.035274	2.719115	0.209995
34675	476673.920583	3807679.736864	1.042992	1.440178	0.209696
34676	476672.500000	3807679.500100	1.043325	3.239997	0.215432
34677	476670.556002	3807676.908102	1.043332	0.789879	0.216489
34678	476670.082075	3807676.276199	1.043352	0.970124	0.215436
34679	476669.500000	3807675.500100	1.043662	1.999995	0.050500
34680	476669.500000	3807673.500105	1.043726	1.000005	-0.000000
34681	476669.500000	3807672.500100	1.043735	1.414210	0.181727
34682	476670.500000	3807671.500105	1.044040	2.545583	0.056961
34683	476672.299998	3807669.700104	1.044050	1.697060	0.057158
34684	476673.500000	3807668.500100	1.044303	4.118134	0.071877
34685	476675.029436	3807664.676509	1.044449	1.267031	0.071821
34686	476675.500000	3807663.500100	1.156041	1.890811	0.121112
34687	476674.755173	3807661.762171	1.156098	1.369544	0.121208
34688	476674.215683	3807660.503361	1.156164	2.958408	0.121349
34689	476673.050309	3807657.784154	1.156322	1.047757	0.121211
34690	476672.637577	3807656.821114	1.156326	0.349252	0.120257
34691	476672.500000	3807656.500100	1.157160	2.828424	0.208597
34692	476670.500000	3807654.500105	1.157222	1.909188	0.098471
34693	476669.150000	3807653.150104	1.157326	2.333452	0.023570
34694	476667.500000	3807651.500105	1.157336	2.545585	0.106459
34695	476665.700000	3807649.700104	1.157493	2.588010	0.106259
34696	476663.870001	3807647.870104	1.157930	2.550281	0.106655
34697	476662.066680	3807646.066783	1.158040	1.844293	0.106274
34698	476660.762568	3807644.762671	1.158049	2.222404	0.106641
34699	476659.191092	3807643.191194	1.158074	0.977349	0.339694
34700	476658.500000	3807642.500105	1.158649	4.242641	0.137179
34701	476655.500000	3807639.500105	1.158787	4.242641	0.035120
34702	476652.500000	3807636.500105	1.158888	1.414217	0.067175
34703	476651.500000	3807635.500100	1.158967	2.905173	0.050599
34704	476648.706607	3807634.701988	1.159046	1.832236	0.050212
34705	476646.944867	3807634.198634	1.159216	1.907025	0.050865
34706	476645.111217	3807633.674733	1.159254	0.635675	0.050340
34707	476644.500000	3807633.500100	1.159262	1.960946	0.041817
34708	476643.113402	3807634.886698	1.159399	2.281695	0.042074
34709	476641.500000	3807636.500100	1.159412	1.000000	0.134000
34710	476640.500000	3807636.500105	1.159696	1.000000	0.043000
34711	476639.500000	3807636.500100	1.159728	3.395666	0.056543
34712	476636.588240	3807634.753044	1.160171	1.464301	0.056682
34713	476635.332613	3807633.999668	1.160176	0.970985	0.056644
34714	476634.500000	3807633.500100	1.160182	1.414214	0.128693
34715	476633.500000	3807634.500100	1.160188	3.162278	0.142935
34716	476630.500000	3807633.500100	1.182022	2.969853	0.031988
34717	476628.399997	3807631.400097	1.182286	2.015251	0.031758
34718	476626.974999	3807629.975099	1.182301	0.671750	0.032750
34719	476626.500000	3807629.500100	1.182357	2.535128	0.098614
34720	476628.447539	3807627.877151	1.182374	1.508045	0.098803
34721	476629.606052	3807626.911723	1.182430	1.734778	0.098572
34722	476630.938745	3807625.801146	1.182483	2.032299	0.098903
34723	476632.500000	3807624.500100	1.182650	2.236068	0.075132
34724	476631.500000	3807622.500100	1.182686	1.909185	0.158183
34725	476632.849998	3807621.150102	1.182692	1.750092	0.158277
34726	476634.087499	3807619.912601	1.182849	0.583364	0.157706
34727	476634.500000	3807619.500100	1.182851	1.775509	0.084483
34728	476634.791892	3807617.748749	1.182946	2.028001	0.084320
34729	476635.125293	3807615.748341	1.183117	2.253979	0.028838
34730	476635.940249	3807613.646850	1.340138	0.464063	0.273670
34731	476635.500000	3807613.500100	1.340234	2.670573	0.011982
34732	476633.831707	3807611.414733	1.340383	2.596590	0.011939
34733	476632.209630	3807609.387137	1.340388	1.135962	0.011444
34734	476631.500000	3807608.500100	1.343424	2.841145	0.030269
34735	476628.862063	3807607.444925	1.343524	2.544019	0.030660
34736	476626.500000	3807606.500100	1.343736	2.966808	0.107860
34737	476623.566016	3807606.060002	1.343743	3.566705	0.107662
34738	476620.038771	3807605.530916	1.343749	1.955661	0.107892
34739	476618.104747	3807605.240812	1.343753	1.438647	0.107740
34740	476616.682017	3807605.027403	1.344258	3.930641	0.107616
34741	476612.794863	3807604.444330	1.344265	2.092886	0.107985
34742	476610.725132	3807604.133870	1.344298	2.474659	0.107490
34743	476608.277852	3807603.766778	1.344814	1.797742	0.107913
34744	476606.500000	3807603.500100	1.345027	2.118917	0.050497
34745	476604.932128	3807602.074762	1.357365	3.848150	0.050414
34746	476602.084728	3807599.486216	1.357605	2.086781	0.050317
34747	476600.540635	3807598.082495	1.357663	3.761815	0.050242
34748	476597.757117	3807595.552025	1.357746	2.287804	0.050704
34749	476596.064279	3807594.013081	1.358016	0.762601	0.049829
34750	476595.500000	3807593.500100	1.358023	1.414214	0.013435
34751	476596.500000	3807592.500100	1.358934	2.670570	0.066652
34752	476594.831708	3807590.414735	1.359125	2.799416	0.066800
34753	476593.082927	3807588.228759	1.359139	0.933139	0.066442
34754	476592.500000	3807587.500100	1.359808	2.050879	0.042908
34755	476590.632948	3807586.651440	1.359830	1.525544	0.042608
34756	476589.244144	3807586.020165	1.360208	1.980291	0.042923
34757	476587.441353	3807585.200715	1.360245	3.251284	0.043060
34758	476584.481493	3807583.855324	1.360470	1.556109	0.042413
34759	476583.064863	3807583.211401	1.360730	1.268634	0.043354
34760	476581.909941	3807582.686437	1.360735	0.450303	0.042194
34761	476581.500000	3807582.500100	1.360798	2.699996	0.077778
34762	476578.800004	3807582.500100	1.360814	2.300004	0.045217
34763	476576.500000	3807582.500105	1.360958	2.699999	0.092593
34764	476573.800001	3807582.500102	1.361065	2.300001	0.092609
34765	476571.500000	3807582.500100	1.361072	2.995376	0.057756
34766	476569.007696	3807580.838564	1.371784	2.729794	0.057513
34767	476566.736370	3807579.324347	1.371877	1.485932	0.057876
34768	476565.500000	3807578.500100	1.373941	2.248900	0.021788
34769	476564.095123	3807576.744004	1.373996	1.565932	0.021712
34770	476563.116893	3807575.521216	1.374003	2.588292	0.022022
34771	476561.500000	3807573.500100	1.382319	2.770390	0.083021
34772	476561.750819	3807570.741087	1.382807	4.889959	0.083232
34773	476562.193535	3807565.871210	1.382887	1.871182	0.083370
34774	476562.362944	3807564.007712	1.382890	1.135372	0.083673
34775	476562.465736	3807562.877003	1.383226	0.378457	0.081911
34776	476562.500000	3807562.500100	1.383384	4.628659	0.062869
34777	476564.569999	3807558.360102	1.384922	1.639848	0.062811
34778	476565.303362	3807556.893377	1.384952	0.439697	0.063680
34779	476565.500000	3807556.500100	1.385009	1.999995	0.020000
34780	476565.500000	3807554.500105	1.385208	5.000005	0.024600
34781	476565.500000	3807549.500100	1.385272	1.414210	0.084146
34782	476564.500000	3807548.500105	1.385344	2.828430	0.056568
34783	476562.500000	3807546.500100	1.385370	2.000000	0.132500
34784	476562.500000	3807544.500100	1.481451	1.271033	0.025963
34785	476561.649724	3807543.555349	1.481641	5.616094	0.025641
34786	476557.892755	3807539.380939	1.481787	2.861870	0.025508
34787	476555.978265	3807537.253728	1.481791	1.840135	0.025542
34788	476554.747279	3807535.885966	1.482068	1.864492	0.025744
34789	476553.500000	3807534.500100	1.482125	1.414214	0.069296
34790	476552.500000	3807535.500100	1.482150	1.445762	0.040809
34791	476551.086331	3807535.197171	1.482212	4.767302	0.040694
34792	476546.424851	3807534.198282	1.482847	5.414338	0.040633
34793	476541.130699	3807533.063821	1.483138	2.690419	0.040514
34794	476538.500000	3807532.500100	1.483297	2.828427	0.029698
34795	476536.500000	3807534.500100	1.483767	2.745770	0.064099
34796	476533.758458	3807534.347792	1.484038	4.344853	0.064214
34797	476529.420294	3807534.106783	1.484185	2.845056	0.064322
34798	476526.579618	3807533.948968	1.484368	2.835440	0.064188
34799	476523.748544	3807533.791686	1.484448	2.250838	0.063976
34800	476521.501171	3807533.666832	1.510238	2.254349	0.064320
34801	476519.250293	3807533.541783	1.510267	0.751450	0.063877
34802	476518.500000	3807533.500100	1.513096	3.962907	0.076459
34803	476515.059233	3807531.533948	1.513122	1.325644	0.076944
34804	476513.908252	3807530.876244	1.513126	0.930981	0.076264
34805	476513.099934	3807530.414348	1.513419	1.842726	0.076517
34806	476511.500000	3807529.500100	1.513426	2.700002	0.078148
34807	476508.799998	3807529.500100	1.514051	1.299998	0.078462
34808	476507.500000	3807529.500100	1.514130	2.828427	0.056922
34809	476505.500000	3807527.500100	1.514147	3.162278	0.133132
34810	476502.500000	3807528.500100	1.514152	1.609965	0.041616
34811	476501.060003	3807527.780102	1.514373	2.862169	0.106912
34812	476498.500000	3807526.500105	1.517648	2.012463	-0.000000
34813	476496.699999	3807525.600102	1.517749	2.459675	-0.000000
34814	476494.500000	3807524.500100	1.517766	2.757260	0.041708
34815	476491.749747	3807524.696547	1.517847	1.787318	0.041962
34816	476489.966972	3807524.823888	1.517889	2.376219	0.042084
34817	476487.596792	3807524.993186	1.518259	2.788479	0.041958
34818	476484.815399	3807525.191857	1.518264	1.838001	0.041893
34819	476482.982069	3807525.322809	1.518348	1.377438	0.041381
34820	476481.608132	3807525.420948	1.518349	0.648245	0.043194
34821	476480.961534	3807525.467133	1.532551	0.462710	0.041062
34822	476480.500000	3807525.500100	1.532567	2.118057	0.084511
34823	476478.423075	3807525.084715	1.532592	1.933620	0.084298
34824	476476.527004	3807524.705501	1.532595	1.047343	0.084977
34825	476475.500000	3807524.500100	1.534220	1.267566	0.041024
34826	476474.526229	3807523.688624	1.534240	2.401626	0.040806
34827	476472.681249	3807522.151141	1.534307	2.327977	0.040808
34828	476470.892848	3807520.660807	1.534475	1.813082	0.040814
34829	476469.500000	3807519.500100	1.534675	2.999995	0.081667
34830	476469.500000	3807516.500105	1.537129	2.957143	0.026715
34831	476469.500000	3807513.542962	1.537356	3.034346	0.026694
34832	476469.500000	3807510.508616	1.538327	1.008516	0.026772
34833	476469.500000	3807509.500100	1.538348	2.340002	0.042735
34834	476468.095999	3807507.628098	1.538364	2.085586	0.043153
34835	476466.844647	3807505.959629	1.538465	1.857791	0.043062
34836	476465.729972	3807504.473396	1.561205	2.019653	0.042582
34837	476464.518181	3807502.857674	1.561210	1.696968	0.043018
34838	476463.500000	3807501.500100	1.561923	1.707637	0.055632
34839	476461.879993	3807500.960098	1.561982	2.546595	0.055368
34840	476459.464081	3807500.154794	1.562044	2.070323	0.055547
34841	476457.500000	3807499.500100	1.563028	4.823329	0.000000
34842	476453.794616	3807496.412280	1.563425	2.240190	-0.000000
34843	476452.073654	3807494.978145	1.563430	0.746730	-0.000000
34844	476451.500000	3807494.500100	1.563443	3.618342	0.205619
34845	476447.951924	3807493.790485	1.563451	1.480678	0.205311
34846	476446.500000	3807493.500100	1.564136	4.019911	0.048011
34847	476443.988782	3807490.361077	1.564216	5.497475	0.047840
34848	476440.554536	3807486.068270	1.564482	1.792581	0.047976
34849	476439.434720	3807484.668500	1.564485	1.496282	0.048119
34850	476438.500000	3807483.500100	1.583717	2.828424	-0.000000
34851	476436.500000	3807481.500105	1.583732	2.828430	0.394212
34852	476434.500000	3807479.500100	1.583834	2.172648	0.081467
34853	476432.482747	3807478.693199	1.585122	3.212517	0.081867
34854	476429.500000	3807477.500100	1.586623	3.605551	-0.000000
34855	476427.500000	3807474.500100	1.586691	1.120653	0.177575
34856	476427.822017	3807473.426709	1.586692	1.466073	0.178027
34857	476428.243290	3807472.022466	1.586720	2.626401	0.177810
34858	476428.997981	3807469.506830	1.586724	3.193626	0.177854
34859	476429.915663	3807466.447891	1.590752	1.525165	0.178341
34860	476430.353916	3807464.987048	1.590815	0.508388	0.177030
34861	476430.500000	3807464.500100	1.590818	3.162278	0.120799
34862	476429.500000	3807461.500100	1.590837	1.775509	0.288931
34863	476429.791892	3807459.748749	1.590841	1.672511	0.289385
34864	476430.066851	3807458.098994	1.590927	1.976057	0.289465
34865	476430.391713	3807456.149823	1.590931	0.536795	0.320420
34866	476430.750000	3807455.750100	1.598842	0.353553	0.050912
34867	476430.500000	3807455.500100	1.598856	3.781622	0.032526
34868	476429.010346	3807452.024241	1.600923	2.875614	0.032689
34869	476427.877587	3807449.381135	1.600929	0.958538	0.032341
34870	476427.500000	3807448.500100	1.601457	3.055947	0.178995
34871	476428.241176	3807445.535396	1.602232	1.067159	0.178980
34872	476428.500000	3807444.500100	1.602264	3.333928	0.087284
34873	476425.641180	3807442.784808	1.602487	0.859449	0.087265
34874	476424.904208	3807442.342625	1.602488	1.646190	0.086867
34875	476423.492612	3807441.495667	1.602495	3.256130	0.087220
34876	476420.700504	3807439.820402	1.602656	1.278782	0.087583
34877	476419.603958	3807439.162475	1.602661	1.287425	0.086995
34878	476418.500000	3807438.500100	1.608157	1.800000	0.201111
34879	476416.700000	3807438.500100	1.608167	2.400000	0.200833
34880	476414.300000	3807438.500100	1.608171	0.800000	0.201250
34881	476413.500000	3807438.500100	1.608276	2.670573	0.076763
34882	476411.831707	3807436.414733	1.608569	2.155640	0.077007
34883	476410.485089	3807434.731461	1.608572	1.182684	0.076944
34884	476409.746272	3807433.807940	1.608697	0.394228	0.076098
34885	476409.500000	3807433.500100	1.608726	1.000000	0.397000
34886	476408.500000	3807433.500105	1.608729	1.000000	0.838000
34887	476407.500000	3807433.500100	1.609473	2.012461	-0.000000
34888	476406.600000	3807431.700100	1.609487	1.844756	-0.000000
34889	476405.775000	3807430.050100	1.609706	0.614919	-0.000000
34890	476405.500000	3807429.500100	1.609715	2.236068	0.140872
34891	476403.500000	3807430.500100	1.610104	3.844684	0.185711
34892	476401.521926	3807427.203311	1.610150	1.489701	0.185272
34893	476400.755482	3807425.925903	1.610220	0.496567	0.185272
34894	476400.500000	3807425.500100	1.610221	1.091413	0.125525
34895	476399.441174	3807425.235393	1.612739	1.668298	0.125277
34896	476397.822686	3807424.830772	1.613021	1.363393	-0.175298
34897	476396.500000	3807424.500105	1.613032	2.182822	0.224938
34898	476394.382352	3807423.970690	1.613041	1.004095	0.225078
34899	476393.408237	3807423.727160	1.613042	0.936189	0.225382
34900	476392.500000	3807423.500100	1.613671	3.386145	0.110155
34901	476392.080000	3807420.140103	1.614044	2.305277	0.109748
34902	476391.794066	3807417.852628	1.614104	2.370836	0.110088
34903	476391.500000	3807415.500100	1.631951	2.236064	0.080499
34904	476390.500000	3807413.500105	1.631985	1.677054	0.195581
34905	476389.750000	3807412.000101	1.631988	0.559018	0.196774
34906	476389.500000	3807411.500100	1.632278	2.108344	0.006166
34907	476387.853660	3807410.183028	1.632305	2.076844	0.006259
34908	476386.231918	3807408.885634	1.632340	1.765364	0.006231
34909	476384.853400	3807407.782820	1.632349	0.452573	0.006629
34910	476384.500000	3807407.500100	1.638928	3.737042	0.034519
34911	476380.775867	3807407.810444	1.639246	5.306367	0.034487
34912	476375.487829	3807408.251114	1.639311	1.472217	0.033962
34913	476374.020697	3807408.373375	1.639328	1.525968	0.034732
34914	476372.500000	3807408.500100	1.640886	2.419897	0.217365
34915	476370.640984	3807406.950920	1.640890	2.094163	0.217748
34916	476369.032203	3807405.610269	1.640893	1.778271	0.217627
34917	476367.666097	3807404.471848	1.640981	1.517919	0.217403
34918	476366.500000	3807403.500100	1.645402	1.730741	0.112091
34919	476364.835851	3807403.024629	1.645417	1.329697	0.111304
34920	476363.557316	3807402.659333	1.645418	1.172545	0.111723
34921	476362.429886	3807402.337210	1.646187	3.047128	0.111909
34922	476359.500000	3807401.500100	1.646498	1.619992	0.088272
34923	476358.204006	3807400.528105	1.646577	2.630030	0.088212
34924	476356.099983	3807398.950087	1.646595	0.749978	0.088003
34925	476355.500000	3807398.500100	1.647383	3.059997	0.055556
34926	476352.440003	3807398.500100	1.647430	0.940003	0.055319
34927	476351.500000	3807398.500100	1.647567	2.057984	0.096697
34928	476349.735293	3807399.558924	1.647570	1.646331	0.097186
34929	476348.323576	3807400.405954	1.649534	2.126637	0.096867
34930	476346.500000	3807401.500100	1.650114	2.699996	0.104445
34931	476343.800004	3807401.500100	1.653102	1.300004	0.086154
34932	476342.500000	3807401.500105	1.653203	5.000000	0.109200
34933	476337.500000	3807401.500100	1.653928	2.880832	0.013538
34934	476335.286883	3807399.655836	1.653970	1.814458	0.013227
34935	476333.892978	3807398.494248	1.654880	3.114959	0.013483
34936	476331.500000	3807396.500100	1.654888	1.838382	0.158291
34937	476330.817242	3807394.793205	1.655352	2.795148	0.158131
34938	476329.779150	3807392.197975	1.655457	0.563726	0.157878
34939	476329.569788	3807391.674569	1.655464	0.187909	0.159652
34940	476329.500000	3807391.500100	1.655507	3.993839	0.062346
34941	476326.176925	3807389.284717	1.655545	1.597541	0.061970
34942	476324.847691	3807388.398560	1.655695	1.619722	0.062356
34943	476323.500000	3807387.500100	1.674260	2.837666	0.064842
34944	476320.747059	3807386.811865	1.676294	2.157451	0.064428
34945	476318.654025	3807386.288606	1.676303	1.205795	0.065517
34946	476317.484232	3807385.996158	1.676359	1.415884	0.064271
34947	476316.110623	3807385.652756	1.676364	0.629415	0.065140
34948	476315.500000	3807385.500100	1.676521	2.745768	0.072111
34949	476313.976922	3807387.784717	1.676533	1.820579	0.072504
34950	476312.967047	3807389.299530	1.676554	2.644756	0.072218
34951	476311.500000	3807391.500100	1.676721	1.357660	0.050086
34952	476310.155985	3807391.308098	1.677215	3.318685	0.049718
34953	476306.870654	3807390.838765	1.677444	2.394722	0.050110
34954	476304.500000	3807390.500100	1.677733	1.464272	0.055318
34955	476303.388242	3807389.547164	1.678013	3.527328	0.055566
34956	476300.710095	3807387.251610	1.678574	4.227944	0.055583
34957	476297.500000	3807384.500100	1.678615	2.000000	0.085000
34958	476295.500000	3807384.500100	1.678694	2.000000	0.068000
34959	476295.500000	3807382.500100	1.678951	2.121318	0.061283
34960	476294.000002	3807381.000102	1.678954	3.535537	0.061377
34961	476291.500000	3807378.500100	1.679102	2.817443	0.027685
34962	476288.980002	3807377.240101	1.679123	1.740783	0.027574
34963	476287.422998	3807376.461599	1.679136	2.060641	-0.113557
34964	476285.903719	3807375.069466	1.724036	0.590284	0.496371
34965	476285.500000	3807375.500100	1.724039	1.000000	0.061000
34966	476284.500000	3807375.500105	1.724051	1.000000	0.055000
34967	476283.500000	3807375.500102	1.724053	0.943596	-2.011454
34968	476282.556404	3807375.500100	1.724053	0.056404	34.642945
34969	476282.500000	3807375.500100	1.724058	2.121318	-0.000000
34970	476281.000002	3807374.000102	1.724180	1.590992	-0.000000
34971	476279.875000	3807372.875100	1.724209	0.530331	-0.000000
34972	476279.500000	3807372.500100	1.724212	1.414214	0.007071
34973	476278.500000	3807373.500100	1.724232	2.213707	0.018973
34974	476276.520000	3807372.510100	1.724316	2.258429	0.019040
34975	476274.500000	3807371.500100	1.724324	1.000000	0.148000
34976	476273.500000	3807371.500105	1.728278	3.599998	0.022500
34977	476269.900002	3807371.500101	1.728458	1.400002	0.022857
34978	476268.500000	3807371.500100	1.728528	4.697493	0.074934
34979	476264.182323	3807369.649667	1.729090	2.918281	0.075044
34980	476261.500000	3807368.500100	1.735603	3.237319	0.020696
34981	476259.893840	3807365.689320	1.735695	3.784594	0.020610
34982	476258.016156	3807362.403373	1.735701	1.040345	0.020186
34983	476257.500000	3807361.500100	1.735730	2.584113	0.033280
34984	476257.214633	3807358.931792	1.735790	3.877970	0.033265
34985	476256.786382	3807355.077542	1.735818	2.555178	0.033266
34986	476256.504210	3807352.537992	1.738342	2.555178	0.033657
34987	476256.222038	3807349.998442	1.738346	1.036412	0.060787
34988	476256.500000	3807349.000000	1.738346	0.0	0.0
